TITLE	ACE2_D2_0.2uM
DATA TYPE	
ORIGIN	JASCO
OWNER	
DATE	24/02/26
TIME	15:34:53
SPECTROMETER/DATA SYSTEM	
LOCALE	1033
RESOLUTION	
DELTAX	-0.1
XUNITS	NANOMETERS
YUNITS	CD [mdeg]
Y2UNITS	HT [V]
FIRSTX	  350.0000
LASTX	  190.0000
NPOINTS	    1601
FIRSTY	     0.24854
MAXY	    11.91168
MINY	    -3.50939
XYDATA
350.0000	0.248543	469.912
349.9000	0.463647	469.298
349.8000	0.619099	468.424
349.7000	0.78666	467.548
349.6000	0.813697	466.919
349.5000	0.440517	466.362
349.4000	-0.0327179	465.473
349.3000	-0.443163	464.852
349.2000	-0.590078	464.332
349.1000	-0.58428	463.536
349.0000	-0.426834	462.935
348.9000	-0.51796	462.391
348.8000	-0.709223	461.529
348.7000	-0.709279	460.651
348.6000	-0.537563	460.026
348.5000	-0.379584	459.493
348.4000	-0.218583	458.636
348.3000	-0.347205	457.976
348.2000	-0.463573	457.388
348.1000	-0.4665	456.53
348.0000	-0.557453	455.898
347.9000	-0.725059	455.351
347.8000	-1.10129	454.531
347.7000	-1.14258	453.711
347.6000	-0.978701	453.136
347.5000	-0.803912	452.655
347.4000	-0.901324	451.874
347.3000	-0.823813	451.281
347.2000	-0.799606	450.764
347.1000	-0.512916	450.017
347.0000	-0.0897461	449.473
346.9000	0.0165965	449.002
346.8000	0.00261027	448.239
346.7000	-0.276428	447.456
346.6000	-0.481931	446.88
346.5000	-0.622689	446.157
346.4000	-0.753911	445.425
346.3000	-1.01506	444.856
346.2000	-1.19407	444.092
346.1000	-1.04984	443.321
346.0000	-0.853191	442.764
345.9000	-0.769796	442.292
345.8000	-0.60544	441.543
345.7000	-0.626479	440.985
345.6000	-0.858273	440.49
345.5000	-0.834622	439.793
345.4000	-0.661025	439.289
345.3000	-0.635776	438.866
345.2000	-0.785313	438.172
345.1000	-0.649159	437.468
345.0000	-0.421502	436.957
344.9000	-0.326175	436.281
344.8000	0.0575958	435.596
344.7000	0.381272	435.052
344.6000	0.599283	434.375
344.5000	0.574089	433.682
344.4000	0.650509	433.173
344.3000	0.608129	432.512
344.2000	0.638689	431.844
344.1000	0.805216	431.351
344.0000	0.696914	430.71
343.9000	0.528398	430.067
343.8000	0.357536	429.582
343.7000	0.325533	429.155
343.6000	0.31473	428.521
343.5000	0.259627	428.064
343.4000	0.0233968	427.67
343.3000	-0.246378	427.038
343.2000	-0.328733	426.581
343.1000	-0.282248	426.188
343.0000	-0.304385	425.606
342.9000	-0.353166	425.011
342.8000	-0.343728	424.563
342.7000	-0.3692	423.95
342.6000	-0.270598	423.328
342.5000	-0.193166	422.876
342.4000	-0.0848531	422.308
342.3000	0.1099	421.736
342.2000	0.225262	421.297
342.1000	0.138989	420.73
342.0000	-0.0643606	420.156
341.9000	-0.305557	419.753
341.8000	-0.253655	419.226
341.7000	-0.318363	418.685
341.6000	-0.282174	418.287
341.5000	-0.303423	417.753
341.4000	-0.408411	417.2
341.3000	-0.253184	416.782
341.2000	-0.263689	416.233
341.1000	-0.143562	415.674
341.0000	-0.358413	415.257
340.9000	-0.558837	414.717
340.8000	-0.584287	414.174
340.7000	-0.627982	413.763
340.6000	-0.508765	413.258
340.5000	-0.52507	412.747
340.4000	-0.367155	412.373
340.3000	-0.116266	411.871
340.2000	0.222211	411.358
340.1000	0.618231	410.98
340.0000	0.618728	410.489
339.9000	0.688899	409.992
339.8000	0.604849	409.614
339.7000	0.483549	409.122
339.6000	0.474424	408.626
339.5000	0.342834	408.259
339.4000	0.25323	407.788
339.3000	0.0516988	407.301
339.2000	0.0669566	406.777
339.1000	0.262324	406.313
339.0000	0.232905	405.833
338.9000	0.318642	405.315
338.8000	0.290612	404.846
338.7000	0.130895	404.37
338.6000	0.00733337	403.853
338.5000	-0.140194	403.391
338.4000	-0.124822	403.054
338.3000	-0.344003	402.635
338.2000	-0.505605	402.213
338.1000	-0.370754	401.915
338.0000	-0.141182	401.514
337.9000	-0.0519196	401.102
337.8000	-0.0484406	400.807
337.7000	0.0390371	400.415
337.6000	0.0742574	400.011
337.5000	0.0249919	399.7
337.4000	0.129374	399.288
337.3000	-0.0734548	398.855
337.2000	-0.24295	398.382
337.1000	-0.318049	397.962
337.0000	-0.384597	397.536
336.9000	-0.550375	397.086
336.8000	-0.604873	396.693
336.7000	-0.692622	396.297
336.6000	-0.878183	395.86
336.5000	-1.01078	395.472
336.4000	-1.16626	395.195
336.3000	-1.39053	394.829
336.2000	-1.62066	394.459
336.1000	-1.53149	394.193
336.0000	-1.58399	393.837
335.9000	-1.45382	393.461
335.8000	-1.36137	393.043
335.7000	-1.24506	392.668
335.6000	-0.982042	392.291
335.5000	-0.815644	391.885
335.4000	-0.579338	391.523
335.3000	-0.176783	391.158
335.2000	0.0598012	390.77
335.1000	0.0950439	390.427
335.0000	0.0876902	390.195
334.9000	0.280495	389.874
334.8000	0.243444	389.536
334.7000	0.117999	389.165
334.6000	-0.037383	388.837
334.5000	-0.277235	388.501
334.4000	-0.488086	388.12
334.3000	-0.468874	387.776
334.2000	-0.461849	387.424
334.1000	-0.605649	387.044
334.0000	-0.631889	386.713
333.9000	-0.541528	386.475
333.8000	-0.240934	386.161
333.7000	-0.0698853	385.835
333.6000	-0.252292	385.465
333.5000	-0.39756	385.141
333.4000	-0.391991	384.816
333.3000	-0.279702	384.47
333.2000	-0.254393	384.166
333.1000	-0.263712	383.856
333.0000	-0.379028	383.527
332.9000	-0.615269	383.232
332.8000	-0.530489	382.907
332.7000	-0.406476	382.626
332.6000	-0.358733	382.337
332.5000	-0.355552	382.017
332.4000	-0.324811	381.736
332.3000	-0.237527	381.446
332.2000	-0.0145416	381.12
332.1000	0.170732	380.824
332.0000	0.36017	380.495
331.9000	0.430562	380.21
331.8000	0.421533	379.92
331.7000	0.381683	379.608
331.6000	0.209533	379.324
331.5000	0.0747589	378.92
331.4000	-0.113718	378.597
331.3000	-0.235942	378.316
331.2000	-0.534666	378.018
331.1000	-0.631429	377.762
331.0000	-0.611517	377.497
330.9000	-0.552193	377.207
330.8000	-0.500046	376.942
330.7000	-0.401847	376.657
330.6000	-0.354783	376.407
330.5000	-0.286484	376.151
330.4000	0.0797913	375.865
330.3000	0.282837	375.607
330.2000	0.229777	375.248
330.1000	0.103389	374.96
330.0000	0.0483856	374.708
329.9000	0.157035	374.416
329.8000	0.155205	374.156
329.7000	0.199497	373.817
329.6000	0.0739665	373.551
329.5000	-0.157925	373.317
329.4000	-0.222269	373.035
329.3000	-0.270116	372.782
329.2000	-0.188798	372.452
329.1000	-0.34207	372.205
329.0000	-0.48621	371.999
328.9000	-0.593923	371.735
328.8000	-0.548364	371.492
328.7000	-0.624206	371.195
328.6000	-0.594542	370.988
328.5000	-0.525251	370.824
328.4000	-0.515953	370.559
328.3000	-0.281124	370.316
328.2000	-0.118657	370.058
328.1000	-0.00426534	369.887
328.0000	-0.06191	369.75
327.9000	-0.0408925	369.462
327.8000	0.0962311	369.179
327.7000	0.192757	368.907
327.6000	0.0664612	368.746
327.5000	-0.128726	368.641
327.4000	-0.283175	368.349
327.3000	-0.289488	368.039
327.2000	-0.368585	367.75
327.1000	-0.323793	367.607
327.0000	-0.319792	367.531
326.9000	-0.282023	367.261
326.8000	-0.206941	366.962
326.7000	-0.138071	366.674
326.6000	-0.0269806	366.535
326.5000	-0.139028	366.464
326.4000	-0.134402	366.181
326.3000	-0.144618	365.866
326.2000	-0.376999	365.579
326.1000	-0.434914	365.428
326.0000	-0.496711	365.126
325.9000	-0.320391	364.817
325.8000	-0.355004	364.486
325.7000	-0.302027	364.2
325.6000	-0.280517	364.063
325.5000	-0.280801	363.79
325.4000	-0.134536	363.493
325.3000	-0.111349	363.172
325.2000	-0.224553	363.053
325.1000	-0.382396	363.017
325.0000	-0.566825	362.789
324.9000	-0.661641	362.524
324.8000	-0.682967	362.256
324.7000	-0.643894	362.148
324.6000	-0.530484	362.115
324.5000	-0.494683	361.87
324.4000	-0.454295	361.583
324.3000	-0.361	361.302
324.2000	-0.311179	361.157
324.1000	-0.199491	360.883
324.0000	-0.0808309	360.589
323.9000	-0.0655162	360.272
323.8000	-0.199415	359.978
323.7000	-0.234469	359.834
323.6000	-0.163705	359.591
323.5000	-0.140359	359.323
323.4000	-0.174068	359.07
323.3000	-0.211662	358.967
323.2000	-0.296162	358.93
323.1000	-0.307936	358.728
323.0000	-0.283105	358.498
322.9000	-0.334821	358.234
322.8000	-0.288854	358.096
322.7000	-0.248098	357.846
322.6000	-0.109246	357.561
322.5000	0.123592	357.262
322.4000	0.157956	356.955
322.3000	0.155546	356.759
322.2000	0.137378	356.424
322.1000	0.156065	356.091
322.0000	0.0154561	355.781
321.9000	-0.126002	355.596
321.8000	-0.2045	355.357
321.7000	-0.305193	355.111
321.6000	-0.381254	354.863
321.5000	-0.393457	354.618
321.4000	-0.376553	354.527
321.3000	-0.309413	354.401
321.2000	-0.247537	354.262
321.1000	-0.256176	354.096
321.0000	-0.31025	354.029
320.9000	-0.338008	353.885
320.8000	-0.323601	353.738
320.7000	-0.255224	353.588
320.6000	-0.25622	353.43
320.5000	-0.282564	353.351
320.4000	-0.282094	353.16
320.3000	-0.214152	352.975
320.2000	-0.176321	352.778
320.1000	-0.133687	352.67
320.0000	-0.11705	352.511
319.9000	-0.115056	352.356
319.8000	-0.1423	352.162
319.7000	-0.167872	351.962
319.6000	-0.235551	351.769
319.5000	-0.35037	351.628
319.4000	-0.433243	351.488
319.3000	-0.533904	351.301
319.2000	-0.535202	351.182
319.1000	-0.559458	350.994
319.0000	-0.615776	350.821
318.9000	-0.648433	350.616
318.8000	-0.66976	350.477
318.7000	-0.591852	350.251
318.6000	-0.5096	350.015
318.5000	-0.286957	349.802
318.4000	-0.241002	349.595
318.3000	-0.261404	349.391
318.2000	-0.198957	349.229
318.1000	-0.148781	349.094
318.0000	0.00149536	348.924
317.9000	-0.0520945	348.836
317.8000	0.0155253	348.735
317.7000	-0.0517619	348.638
317.6000	-0.0904297	348.463
317.5000	-0.144287	348.332
317.4000	-0.260072	348.149
317.3000	-0.24644	347.962
317.2000	-0.280104	347.756
317.1000	-0.297915	347.561
317.0000	-0.339795	347.317
316.9000	-0.384874	347.089
316.8000	-0.525135	346.881
316.7000	-0.531631	346.696
316.6000	-0.431148	346.534
316.5000	-0.462488	346.39
316.4000	-0.512216	346.211
316.3000	-0.63878	346.041
316.2000	-0.605583	345.919
316.1000	-0.536667	345.832
316.0000	-0.473309	345.767
315.9000	-0.439899	345.618
315.8000	-0.547303	345.488
315.7000	-0.593038	345.331
315.6000	-0.503239	345.229
315.5000	-0.352437	345.069
315.4000	-0.280532	344.92
315.3000	-0.258918	344.705
315.2000	-0.291542	344.482
315.1000	-0.313103	344.283
315.0000	-0.204672	344.111
314.9000	-0.119807	343.949
314.8000	-0.176208	343.796
314.7000	-0.286609	343.633
314.6000	-0.420175	343.493
314.5000	-0.510558	343.375
314.4000	-0.464332	343.281
314.3000	-0.417565	343.141
314.2000	-0.445408	343.012
314.1000	-0.474999	342.857
314.0000	-0.458486	342.707
313.9000	-0.405259	342.531
313.8000	-0.350291	342.377
313.7000	-0.25718	342.165
313.6000	-0.213968	341.956
313.5000	-0.310861	341.76
313.4000	-0.345451	341.591
313.3000	-0.338184	341.446
313.2000	-0.411228	341.305
313.1000	-0.495257	341.14
313.0000	-0.541783	340.994
312.9000	-0.561108	340.883
312.8000	-0.594347	340.797
312.7000	-0.469766	340.662
312.6000	-0.333729	340.538
312.5000	-0.346607	340.385
312.4000	-0.326101	340.227
312.3000	-0.214008	340.044
312.2000	-0.137807	339.882
312.1000	-0.0797139	339.674
312.0000	-0.0341787	339.467
311.9000	-0.0649261	339.266
311.8000	-0.139579	339.08
311.7000	-0.244205	338.914
311.6000	-0.204767	338.696
311.5000	-0.199764	338.536
311.4000	-0.159607	338.393
311.3000	-0.0749949	338.296
311.2000	0.0479523	338.155
311.1000	0.086496	338.051
311.0000	0.115437	337.95
310.9000	0.233176	337.859
310.8000	0.279596	337.753
310.7000	0.275318	337.672
310.6000	0.253604	337.545
310.5000	0.18793	337.418
310.4000	0.010969	337.305
310.3000	-0.100994	337.214
310.2000	-0.164943	337.134
310.1000	-0.169009	337.058
310.0000	-0.254894	336.964
309.9000	-0.27282	336.889
309.8000	-0.360571	336.834
309.7000	-0.376825	336.731
309.6000	-0.336388	336.653
309.5000	-0.328683	336.559
309.4000	-0.317272	336.47
309.3000	-0.278183	336.31
309.2000	-0.207057	336.192
309.1000	-0.185249	336.053
309.0000	-0.0533325	335.924
308.9000	0.0339935	335.799
308.8000	0.0421549	335.694
308.7000	0.135701	335.606
308.6000	0.222209	335.524
308.5000	0.185582	335.42
308.4000	0.151683	335.334
308.3000	0.111516	335.274
308.2000	0.114663	335.153
308.1000	0.100361	335.065
308.0000	0.127743	334.979
307.9000	0.163575	334.899
307.8000	0.154865	334.739
307.7000	0.0785278	334.625
307.6000	-0.00789998	334.507
307.5000	0.012677	334.335
307.4000	-0.0191233	334.215
307.3000	-0.0277679	334.113
307.2000	0.00629883	334.023
307.1000	-0.0860911	333.874
307.0000	-0.224134	333.774
306.9000	-0.183232	333.698
306.8000	-0.110572	333.647
306.7000	-0.132481	333.574
306.6000	-0.170748	333.496
306.5000	-0.17724	333.426
306.4000	-0.239279	333.294
306.3000	-0.25308	333.203
306.2000	-0.140907	333.097
306.1000	-0.0505198	332.998
306.0000	-0.0679657	332.848
305.9000	-0.0270376	332.746
305.8000	0.0539042	332.672
305.7000	0.161696	332.543
305.6000	0.214939	332.456
305.5000	0.181124	332.383
305.4000	0.123479	332.337
305.3000	0.0233032	332.234
305.2000	0.016803	332.164
305.1000	-0.0443542	332.091
305.0000	-0.118071	331.967
304.9000	-0.212945	331.887
304.8000	-0.319511	331.798
304.7000	-0.323474	331.713
304.6000	-0.299375	331.584
304.5000	-0.267345	331.493
304.4000	-0.286097	331.421
304.3000	-0.295168	331.303
304.2000	-0.209064	331.234
304.1000	-0.14241	331.184
304.0000	-0.0904439	331.155
303.9000	-0.0717611	331.066
303.8000	-0.0912384	330.994
303.7000	-0.098643	330.95
303.6000	-0.102768	330.844
303.5000	-0.067627	330.779
303.4000	-0.00343119	330.711
303.3000	-0.0320282	330.599
303.2000	-0.15153	330.479
303.1000	-0.201714	330.396
303.0000	-0.281648	330.349
302.9000	-0.326876	330.242
302.8000	-0.397287	330.169
302.7000	-0.474524	330.119
302.6000	-0.513426	330.024
302.5000	-0.630935	329.963
302.4000	-0.628629	329.915
302.3000	-0.573803	329.817
302.2000	-0.506549	329.718
302.1000	-0.495939	329.639
302.0000	-0.512617	329.587
301.9000	-0.408246	329.497
301.8000	-0.403533	329.43
301.7000	-0.349137	329.387
301.6000	-0.299845	329.296
301.5000	-0.277127	329.245
301.4000	-0.341468	329.205
301.3000	-0.348018	329.128
301.2000	-0.328558	329.052
301.1000	-0.313525	328.997
301.0000	-0.290141	328.969
300.9000	-0.213159	328.897
300.8000	-0.131856	328.827
300.7000	-0.107916	328.774
300.6000	-0.0766256	328.694
300.5000	-0.0239593	328.635
300.4000	-0.0115967	328.596
300.3000	-0.0195424	328.516
300.2000	-0.0696533	328.432
300.1000	-0.208622	328.372
300.0000	-0.355327	328.303
299.9000	-0.444212	328.246
299.8000	-0.490856	328.199
299.7000	-0.509445	328.131
299.6000	-0.511502	328.066
299.5000	-0.41636	328.01
299.4000	-0.397977	327.967
299.3000	-0.397556	327.895
299.2000	-0.388404	327.847
299.1000	-0.306668	327.813
299.0000	-0.261357	327.742
298.9000	-0.282324	327.697
298.8000	-0.24445	327.667
298.7000	-0.274883	327.606
298.6000	-0.325778	327.552
298.5000	-0.308923	327.511
298.4000	-0.335991	327.448
298.3000	-0.308439	327.391
298.2000	-0.33163	327.339
298.1000	-0.247854	327.284
298.0000	-0.205839	327.229
297.9000	-0.151657	327.191
297.8000	-0.206027	327.128
297.7000	-0.281622	327.074
297.6000	-0.263901	327.04
297.5000	-0.302339	326.977
297.4000	-0.426096	326.927
297.3000	-0.546326	326.889
297.2000	-0.629826	326.824
297.1000	-0.737949	326.771
297.0000	-0.756936	326.728
296.9000	-0.649765	326.671
296.8000	-0.545327	326.623
296.7000	-0.450287	326.589
296.6000	-0.353879	326.571
296.5000	-0.293113	326.528
296.4000	-0.231955	326.501
296.3000	-0.225903	326.484
296.2000	-0.227713	326.445
296.1000	-0.251733	326.417
296.0000	-0.256908	326.398
295.9000	-0.29931	326.358
295.8000	-0.360072	326.3
295.7000	-0.335184	326.269
295.6000	-0.38136	326.233
295.5000	-0.469846	326.174
295.4000	-0.534735	326.108
295.3000	-0.539813	326.07
295.2000	-0.581259	326.018
295.1000	-0.67754	325.951
295.0000	-0.738145	325.914
294.9000	-0.736544	325.863
294.8000	-0.798319	325.799
294.7000	-0.846168	325.759
294.6000	-0.756595	325.732
294.5000	-0.679939	325.691
294.4000	-0.698029	325.658
294.3000	-0.689412	325.637
294.2000	-0.612214	325.597
294.1000	-0.592348	325.566
294.0000	-0.544023	325.548
293.9000	-0.453532	325.508
293.8000	-0.465931	325.479
293.7000	-0.508989	325.459
293.6000	-0.462183	325.414
293.5000	-0.435448	325.361
293.4000	-0.422775	325.339
293.3000	-0.391572	325.304
293.2000	-0.342857	325.26
293.1000	-0.328539	325.245
293.0000	-0.240334	325.209
292.9000	-0.310219	325.162
292.8000	-0.393125	325.145
292.7000	-0.417839	325.124
292.6000	-0.461203	325.09
292.5000	-0.461934	325.039
292.4000	-0.559753	325.008
292.3000	-0.597242	324.963
292.2000	-0.678365	324.915
292.1000	-0.725344	324.89
292.0000	-0.779063	324.851
291.9000	-0.772911	324.803
291.8000	-0.745597	324.761
291.7000	-0.72033	324.745
291.6000	-0.62124	324.712
291.5000	-0.583275	324.675
291.4000	-0.530591	324.659
291.3000	-0.374586	324.618
291.2000	-0.276152	324.565
291.1000	-0.20817	324.504
291.0000	-0.172078	324.461
290.9000	-0.164015	324.394
290.8000	-0.142465	324.308
290.7000	-0.20106	324.215
290.6000	-0.191217	324.111
290.5000	-0.22141	323.986
290.4000	-0.169085	323.863
290.3000	-0.130614	323.757
290.2000	-0.111545	323.63
290.1000	-0.1305	323.495
290.0000	-0.128417	323.374
289.9000	-0.109258	323.296
289.8000	-0.0982849	323.23
289.7000	-0.101026	323.186
289.6000	-0.130623	323.181
289.5000	-0.148011	323.21
289.4000	-0.16406	323.256
289.3000	-0.171209	323.334
289.2000	-0.246241	323.427
289.1000	-0.291868	323.535
289.0000	-0.175895	323.641
288.9000	-0.122026	323.74
288.8000	-0.150696	323.827
288.7000	-0.0854462	323.904
288.6000	-0.0879476	323.956
288.5000	-0.108677	323.997
288.4000	-0.022994	324.017
288.3000	0.0289225	324.033
288.2000	-0.138692	324.031
288.1000	-0.301144	324.015
288.0000	-0.312688	323.998
287.9000	-0.319666	323.959
287.8000	-0.302486	323.937
287.7000	-0.162025	323.92
287.6000	-0.113681	323.897
287.5000	-0.162674	323.868
287.4000	-0.146043	323.849
287.3000	0.00150045	323.829
287.2000	0.067568	323.817
287.1000	0.112067	323.799
287.0000	0.0591268	323.767
286.9000	-0.0133759	323.746
286.8000	-0.0938466	323.73
286.7000	-0.157206	323.718
286.6000	-0.129606	323.688
286.5000	-0.0990204	323.676
286.4000	-0.124374	323.67
286.3000	-0.182708	323.661
286.2000	-0.231038	323.66
286.1000	-0.225989	323.645
286.0000	-0.221676	323.643
285.9000	-0.230715	323.64
285.8000	-0.194551	323.637
285.7000	-0.24793	323.626
285.6000	-0.293344	323.601
285.5000	-0.273317	323.602
285.4000	-0.175391	323.612
285.3000	-0.179381	323.613
285.2000	-0.244931	323.602
285.1000	-0.225528	323.583
285.0000	-0.211663	323.586
284.9000	-0.252065	323.586
284.8000	-0.247527	323.587
284.7000	-0.23958	323.581
284.6000	-0.331963	323.558
284.5000	-0.405687	323.559
284.4000	-0.367736	323.568
284.3000	-0.39439	323.575
284.2000	-0.385661	323.573
284.1000	-0.316949	323.56
284.0000	-0.233004	323.55
283.9000	-0.205709	323.556
283.8000	-0.166801	323.564
283.7000	-0.0941376	323.568
283.6000	-0.0355255	323.557
283.5000	0.0588572	323.557
283.4000	0.138613	323.552
283.3000	0.117336	323.569
283.2000	0.05808	323.595
283.1000	0.105312	323.603
283.0000	0.114129	323.6
282.9000	0.15567	323.594
282.8000	0.15212	323.597
282.7000	0.103573	323.614
282.6000	0.00510966	323.629
282.5000	-0.0292094	323.636
282.4000	-0.000285848	323.627
282.3000	-0.0289235	323.625
282.2000	-0.0506683	323.624
282.1000	-0.078894	323.645
282.0000	-0.0963908	323.662
281.9000	-0.182213	323.663
281.8000	-0.202311	323.664
281.7000	-0.162427	323.663
281.6000	-0.14383	323.666
281.5000	-0.157843	323.666
281.4000	-0.184198	323.686
281.3000	-0.22185	323.696
281.2000	-0.171005	323.696
281.1000	-0.0749664	323.692
281.0000	-0.0251353	323.687
280.9000	0.0451436	323.685
280.8000	0.0849141	323.682
280.7000	0.0932424	323.681
280.6000	0.116959	323.686
280.5000	0.137557	323.678
280.4000	0.115881	323.672
280.3000	0.00443726	323.662
280.2000	0.000594076	323.653
280.1000	-0.058138	323.644
280.0000	-0.107145	323.634
279.9000	-0.0549377	323.623
279.8000	-0.0414144	323.599
279.7000	0.0106496	323.591
279.6000	0.0693064	323.584
279.5000	0.068515	323.582
279.4000	0.0341095	323.581
279.3000	-0.000540161	323.576
279.2000	-0.0125092	323.575
279.1000	-0.000975545	323.581
279.0000	-0.0878693	323.585
278.9000	-0.0614909	323.584
278.8000	-0.0846151	323.594
278.7000	-0.0711639	323.604
278.6000	0.00167236	323.617
278.5000	0.0033488	323.629
278.4000	-0.0120463	323.641
278.3000	-0.136298	323.649
278.2000	-0.205859	323.662
278.1000	-0.173348	323.673
278.0000	-0.215528	323.668
277.9000	-0.316968	323.66
277.8000	-0.408028	323.652
277.7000	-0.39732	323.648
277.6000	-0.292178	323.663
277.5000	-0.189104	323.68
277.4000	-0.148751	323.691
277.3000	-0.206904	323.703
277.2000	-0.310789	323.714
277.1000	-0.321663	323.727
277.0000	-0.405986	323.737
276.9000	-0.425421	323.748
276.8000	-0.49555	323.745
276.7000	-0.555297	323.74
276.6000	-0.572451	323.736
276.5000	-0.524624	323.733
276.4000	-0.52603	323.728
276.3000	-0.404781	323.732
276.2000	-0.295416	323.737
276.1000	-0.226656	323.744
276.0000	-0.258448	323.768
275.9000	-0.2776	323.79
275.8000	-0.191229	323.813
275.7000	-0.144027	323.842
275.6000	-0.15274	323.87
275.5000	-0.192178	323.893
275.4000	-0.2414	323.917
275.3000	-0.222491	323.935
275.2000	-0.180931	323.946
275.1000	-0.192909	323.952
275.0000	-0.301656	323.953
274.9000	-0.373646	323.956
274.8000	-0.360014	323.962
274.7000	-0.328064	323.966
274.6000	-0.292529	323.968
274.5000	-0.279081	323.974
274.4000	-0.289485	323.982
274.3000	-0.259819	323.989
274.2000	-0.161832	324.001
274.1000	-0.1622	324.01
274.0000	-0.179478	324.014
273.9000	-0.20636	324.022
273.8000	-0.191188	324.037
273.7000	-0.129567	324.053
273.6000	-0.11509	324.069
273.5000	-0.118263	324.083
273.4000	-0.188017	324.094
273.3000	-0.176682	324.11
273.2000	-0.109143	324.127
273.1000	-0.157749	324.142
273.0000	-0.237468	324.154
272.9000	-0.319553	324.168
272.8000	-0.253817	324.18
272.7000	-0.164262	324.193
272.6000	-0.0935109	324.208
272.5000	0.0206462	324.224
272.4000	0.0417938	324.238
272.3000	0.0821269	324.252
272.2000	0.191701	324.267
272.1000	0.244294	324.282
272.0000	0.219937	324.297
271.9000	0.168662	324.314
271.8000	0.134099	324.33
271.7000	0.110444	324.349
271.6000	-0.0414683	324.359
271.5000	-0.0559865	324.374
271.4000	-0.0159637	324.398
271.3000	-0.0605916	324.419
271.2000	-0.110749	324.436
271.1000	-0.111777	324.451
271.0000	-0.144686	324.458
270.9000	-0.208611	324.449
270.8000	-0.193054	324.441
270.7000	-0.214347	324.438
270.6000	-0.286583	324.429
270.5000	-0.324769	324.414
270.4000	-0.370659	324.4
270.3000	-0.432051	324.386
270.2000	-0.466811	324.385
270.1000	-0.428094	324.4
270.0000	-0.374028	324.423
269.9000	-0.340625	324.446
269.8000	-0.266895	324.466
269.7000	-0.184741	324.482
269.6000	-0.0900706	324.499
269.5000	-0.0357798	324.517
269.4000	0.0191416	324.52
269.3000	0.0531982	324.521
269.2000	0.0455343	324.524
269.1000	0.0944031	324.53
269.0000	0.200025	324.541
268.9000	0.157595	324.56
268.8000	0.116966	324.58
268.7000	0.0968038	324.603
268.6000	0.0904989	324.637
268.5000	0.0751821	324.682
268.4000	0.0541239	324.724
268.3000	0.00715739	324.752
268.2000	-0.0418091	324.778
268.1000	-0.0542053	324.803
268.0000	-0.0101685	324.832
267.9000	0.00959269	324.864
267.8000	-0.0567668	324.899
267.7000	-0.0963532	324.936
267.6000	-0.196448	324.972
267.5000	-0.2507	325.02
267.4000	-0.3211	325.056
267.3000	-0.304178	325.096
267.2000	-0.251511	325.142
267.1000	-0.28236	325.192
267.0000	-0.225647	325.248
266.9000	-0.13898	325.303
266.8000	-0.0945831	325.354
266.7000	-0.0509715	325.386
266.6000	0.0615662	325.435
266.5000	0.00628052	325.488
266.4000	-0.166826	325.536
266.3000	-0.199109	325.588
266.2000	-0.242669	325.635
266.1000	-0.261318	325.688
266.0000	-0.228873	325.721
265.9000	-0.182371	325.773
265.8000	-0.145844	325.835
265.7000	-0.0687185	325.891
265.6000	0.048582	325.954
265.5000	0.0865773	326.011
265.4000	0.202794	326.057
265.3000	0.254901	326.092
265.2000	0.227737	326.14
265.1000	0.192679	326.2
265.0000	0.186752	326.257
264.9000	0.10193	326.322
264.8000	0.0208639	326.363
264.7000	-0.0361501	326.407
264.6000	-0.181931	326.46
264.5000	-0.323564	326.519
264.4000	-0.348705	326.587
264.3000	-0.372357	326.635
264.2000	-0.455826	326.681
264.1000	-0.46941	326.73
264.0000	-0.447544	326.791
263.9000	-0.460578	326.864
263.8000	-0.398264	326.928
263.7000	-0.368534	326.995
263.6000	-0.359271	327.07
263.5000	-0.351452	327.153
263.4000	-0.281244	327.246
263.3000	-0.214051	327.31
263.2000	-0.216425	327.372
263.1000	-0.129961	327.443
263.0000	0.0330587	327.514
262.9000	0.128338	327.577
262.8000	0.155871	327.638
262.7000	0.216236	327.701
262.6000	0.206708	327.759
262.5000	0.201266	327.831
262.4000	0.203883	327.902
262.3000	0.216501	327.969
262.2000	0.162031	328.025
262.1000	0.132324	328.095
262.0000	0.0948619	328.149
261.9000	0.0758698	328.206
261.8000	-0.048527	328.264
261.7000	-0.123071	328.319
261.6000	-0.157819	328.382
261.5000	-0.211896	328.454
261.4000	-0.27096	328.537
261.3000	-0.310029	328.613
261.2000	-0.34857	328.703
261.1000	-0.290486	328.796
261.0000	-0.130588	328.887
260.9000	0.0334259	328.967
260.8000	0.112097	329.054
260.7000	0.162444	329.137
260.6000	0.136787	329.205
260.5000	0.143069	329.28
260.4000	0.168734	329.361
260.3000	0.108782	329.437
260.2000	0.067512	329.499
260.1000	0.0699107	329.576
260.0000	-0.0379781	329.657
259.9000	-0.0564372	329.725
259.8000	0.0204681	329.807
259.7000	0.14911	329.889
259.6000	0.158036	329.953
259.5000	0.033728	330.011
259.4000	-0.0156738	330.084
259.3000	-0.0454722	330.149
259.2000	0.0200226	330.221
259.1000	0.0557037	330.301
259.0000	0.0616425	330.365
258.9000	-0.00500997	330.427
258.8000	-0.020931	330.5
258.7000	0.113739	330.573
258.6000	0.194498	330.649
258.5000	0.164181	330.732
258.4000	0.113792	330.804
258.3000	0.151255	330.881
258.2000	0.148227	330.972
258.1000	0.0815816	331.056
258.0000	0.0124451	331.146
257.9000	0.0463135	331.242
257.8000	0.115111	331.323
257.7000	0.175959	331.406
257.6000	0.174729	331.504
257.5000	0.0551626	331.592
257.4000	-0.00327454	331.685
257.3000	-0.029071	331.768
257.2000	-0.0393504	331.844
257.1000	-0.0756307	331.917
257.0000	-0.185043	331.994
256.9000	-0.259895	332.077
256.8000	-0.279445	332.142
256.7000	-0.204609	332.217
256.6000	-0.194471	332.298
256.5000	-0.165692	332.38
256.4000	-0.0913076	332.476
256.3000	-0.00256449	332.564
256.2000	0.114426	332.652
256.1000	0.26484	332.741
256.0000	0.332336	332.826
255.9000	0.344367	332.921
255.8000	0.364065	333.003
255.7000	0.394744	333.082
255.6000	0.427432	333.159
255.5000	0.475544	333.239
255.4000	0.433169	333.327
255.3000	0.327649	333.412
255.2000	0.245931	333.507
255.1000	0.246055	333.596
255.0000	0.308607	333.689
254.9000	0.40977	333.768
254.8000	0.395537	333.853
254.7000	0.306748	333.945
254.6000	0.278831	334.032
254.5000	0.177597	334.115
254.4000	0.114033	334.184
254.3000	0.0429179	334.255
254.2000	-0.0567169	334.326
254.1000	-0.132312	334.408
254.0000	-0.200507	334.482
253.9000	-0.262597	334.551
253.8000	-0.325469	334.609
253.7000	-0.270342	334.677
253.6000	-0.162363	334.749
253.5000	-0.0998444	334.827
253.4000	-0.00295207	334.89
253.3000	-0.00115763	334.95
253.2000	-0.0294739	335.013
253.1000	-0.0825429	335.087
253.0000	-0.179372	335.165
252.9000	-0.218255	335.248
252.8000	-0.235314	335.323
252.7000	-0.108147	335.401
252.6000	-0.104238	335.476
252.5000	-0.207398	335.554
252.4000	-0.220298	335.623
252.3000	-0.153354	335.703
252.2000	0.0314046	335.781
252.1000	0.220706	335.866
252.0000	0.239089	335.942
251.9000	0.10924	336.006
251.8000	0.0899485	336.079
251.7000	0.188477	336.146
251.6000	0.173529	336.232
251.5000	0.121605	336.31
251.4000	0.0781219	336.397
251.3000	0.0328735	336.477
251.2000	0.0224548	336.551
251.1000	0.0457662	336.642
251.0000	-0.10219	336.724
250.9000	-0.275071	336.817
250.8000	-0.318386	336.901
250.7000	-0.277023	336.992
250.6000	-0.265297	337.073
250.5000	-0.266765	337.149
250.4000	-0.331453	337.238
250.3000	-0.424389	337.323
250.2000	-0.347428	337.421
250.1000	-0.182638	337.516
250.0000	-0.167204	337.608
249.9000	-0.0666687	337.709
249.8000	-0.0364827	337.8
249.7000	0.0501516	337.904
249.6000	0.110793	337.999
249.5000	0.0989827	338.095
249.4000	0.0710785	338.19
249.3000	-0.0344228	338.271
249.2000	-0.0587504	338.349
249.1000	-0.104312	338.428
249.0000	-0.108033	338.512
248.9000	-0.173465	338.591
248.8000	-0.200761	338.667
248.7000	-0.0997233	338.74
248.6000	-0.0319509	338.805
248.5000	0.0860107	338.886
248.4000	0.121573	338.969
248.3000	0.0760193	339.043
248.2000	0.0456024	339.12
248.1000	0.0296997	339.194
248.0000	-0.086322	339.269
247.9000	-0.232213	339.354
247.8000	-0.378712	339.438
247.7000	-0.554362	339.516
247.6000	-0.697709	339.603
247.5000	-0.661783	339.692
247.4000	-0.635795	339.771
247.3000	-0.741453	339.836
247.2000	-0.846078	339.906
247.1000	-0.803667	339.974
247.0000	-0.774998	340.047
246.9000	-0.611045	340.131
246.8000	-0.461981	340.2
246.7000	-0.349955	340.262
246.6000	-0.37387	340.33
246.5000	-0.34638	340.419
246.4000	-0.180919	340.507
246.3000	-0.0750427	340.593
246.2000	0.092157	340.677
246.1000	0.123742	340.763
246.0000	0.0644155	340.852
245.9000	-0.0897553	340.944
245.8000	-0.224022	341.04
245.7000	-0.244927	341.137
245.6000	-0.287385	341.225
245.5000	-0.345568	341.322
245.4000	-0.421014	341.425
245.3000	-0.413024	341.528
245.2000	-0.276072	341.641
245.1000	-0.246922	341.751
245.0000	-0.210142	341.867
244.9000	-0.199633	341.973
244.8000	-0.191327	342.077
244.7000	-0.252835	342.191
244.6000	-0.274013	342.3
244.5000	-0.338184	342.402
244.4000	-0.49863	342.487
244.3000	-0.50078	342.574
244.2000	-0.373389	342.668
244.1000	-0.300567	342.769
244.0000	-0.303387	342.875
243.9000	-0.275961	342.98
243.8000	-0.250215	343.077
243.7000	-0.279257	343.175
243.6000	-0.277417	343.284
243.5000	-0.379118	343.391
243.4000	-0.450109	343.503
243.3000	-0.491033	343.608
243.2000	-0.379289	343.714
243.1000	-0.268938	343.814
243.0000	-0.153715	343.906
242.9000	-0.0826487	344
242.8000	-0.0119405	344.095
242.7000	0.0374369	344.189
242.6000	0.0301056	344.277
242.5000	0.10782	344.367
242.4000	0.133099	344.467
242.3000	0.105256	344.574
242.2000	-0.110929	344.687
242.1000	-0.255652	344.808
242.0000	-0.339217	344.932
241.9000	-0.30371	345.064
241.8000	-0.190255	345.204
241.7000	-0.217754	345.336
241.6000	-0.264214	345.464
241.5000	-0.276945	345.597
241.4000	-0.246615	345.73
241.3000	-0.202023	345.857
241.2000	-0.211754	345.975
241.1000	-0.260977	346.094
241.0000	-0.390467	346.221
240.9000	-0.454361	346.361
240.8000	-0.502502	346.498
240.7000	-0.68228	346.626
240.6000	-0.820423	346.75
240.5000	-0.877292	346.877
240.4000	-0.886264	347.009
240.3000	-0.837714	347.147
240.2000	-0.737568	347.279
240.1000	-0.65572	347.402
240.0000	-0.695385	347.531
239.9000	-0.577246	347.668
239.8000	-0.501847	347.809
239.7000	-0.396067	347.951
239.6000	-0.31817	348.101
239.5000	-0.355404	348.256
239.4000	-0.304664	348.41
239.3000	-0.317879	348.568
239.2000	-0.214111	348.728
239.1000	-0.173434	348.886
239.0000	-0.136145	349.048
238.9000	-0.069869	349.208
238.8000	-0.00379537	349.369
238.7000	0.00987651	349.53
238.6000	-0.111573	349.686
238.5000	-0.079717	349.843
238.4000	-0.0209839	350.003
238.3000	0.0149821	350.161
238.2000	-0.078776	350.315
238.1000	-0.205556	350.474
238.0000	-0.261546	350.641
237.9000	-0.218084	350.815
237.8000	-0.192832	350.984
237.7000	-0.273663	351.153
237.6000	-0.470497	351.324
237.5000	-0.615553	351.501
237.4000	-0.62838	351.681
237.3000	-0.523452	351.866
237.2000	-0.562682	352.051
237.1000	-0.644639	352.226
237.0000	-0.732491	352.403
236.9000	-0.874995	352.582
236.8000	-0.928193	352.758
236.7000	-0.9463	352.928
236.6000	-0.993952	353.09
236.5000	-1.08448	353.253
236.4000	-1.11969	353.417
236.3000	-1.15048	353.59
236.2000	-1.22438	353.767
236.1000	-1.28266	353.941
236.0000	-1.28846	354.119
235.9000	-1.32542	354.303
235.8000	-1.28715	354.504
235.7000	-1.29554	354.704
235.6000	-1.1969	354.906
235.5000	-1.21718	355.101
235.4000	-1.14505	355.298
235.3000	-0.97929	355.5
235.2000	-0.67011	355.707
235.1000	-0.573457	355.91
235.0000	-0.590872	356.111
234.9000	-0.639855	356.309
234.8000	-0.7429	356.512
234.7000	-0.740601	356.718
234.6000	-0.674302	356.918
234.5000	-0.750089	357.117
234.4000	-0.796301	357.322
234.3000	-0.821455	357.529
234.2000	-0.766256	357.735
234.1000	-0.726988	357.942
234.0000	-0.68133	358.139
233.9000	-0.72553	358.336
233.8000	-0.818984	358.542
233.7000	-0.819509	358.75
233.6000	-0.913284	358.957
233.5000	-1.03931	359.169
233.4000	-1.12559	359.372
233.3000	-1.20636	359.582
233.2000	-1.3037	359.804
233.1000	-1.34019	360.021
233.0000	-1.36899	360.237
232.9000	-1.33767	360.453
232.8000	-1.33031	360.673
232.7000	-1.26023	360.898
232.6000	-1.21726	361.126
232.5000	-1.17458	361.355
232.4000	-1.23674	361.571
232.3000	-1.12093	361.797
232.2000	-1.02635	362.019
232.1000	-1.08916	362.247
232.0000	-1.20065	362.47
231.9000	-1.27157	362.689
231.8000	-1.3131	362.896
231.7000	-1.338	363.111
231.6000	-1.23635	363.337
231.5000	-1.40393	363.554
231.4000	-1.52351	363.779
231.3000	-1.53098	364.001
231.2000	-1.58859	364.224
231.1000	-1.61523	364.447
231.0000	-1.77096	364.67
230.9000	-1.93331	364.896
230.8000	-2.15827	365.117
230.7000	-2.18158	365.35
230.6000	-2.14691	365.582
230.5000	-2.1749	365.818
230.4000	-2.10329	366.058
230.3000	-2.06319	366.299
230.2000	-2.04543	366.536
230.1000	-1.9971	366.782
230.0000	-1.93162	367.026
229.9000	-1.88317	367.261
229.8000	-1.86696	367.496
229.7000	-1.92686	367.726
229.6000	-2.06711	367.951
229.5000	-2.17633	368.169
229.4000	-2.08536	368.387
229.3000	-2.12158	368.601
229.2000	-2.06676	368.808
229.1000	-1.96157	369.015
229.0000	-1.96956	369.224
228.9000	-2.01079	369.433
228.8000	-1.93281	369.643
228.7000	-1.87975	369.869
228.6000	-1.86499	370.105
228.5000	-1.9522	370.346
228.4000	-1.92989	370.601
228.3000	-2.01968	370.863
228.2000	-2.10358	371.124
228.1000	-2.14834	371.391
228.0000	-2.16142	371.659
227.9000	-2.28294	371.926
227.8000	-2.37969	372.187
227.7000	-2.48598	372.447
227.6000	-2.585	372.7
227.5000	-2.70185	372.952
227.4000	-2.78588	373.204
227.3000	-2.82671	373.46
227.2000	-2.81068	373.717
227.1000	-2.71071	373.972
227.0000	-2.68289	374.222
226.9000	-2.63103	374.464
226.8000	-2.64711	374.708
226.7000	-2.61756	374.953
226.6000	-2.68572	375.189
226.5000	-2.72486	375.421
226.4000	-2.74727	375.647
226.3000	-2.77399	375.874
226.2000	-2.85634	376.109
226.1000	-2.86105	376.344
226.0000	-2.78691	376.577
225.9000	-2.72989	376.807
225.8000	-2.67641	377.037
225.7000	-2.62505	377.272
225.6000	-2.59256	377.508
225.5000	-2.73855	377.737
225.4000	-2.77785	377.965
225.3000	-2.69612	378.202
225.2000	-2.69549	378.443
225.1000	-2.78569	378.684
225.0000	-2.81557	378.926
224.9000	-2.67881	379.166
224.8000	-2.6404	379.401
224.7000	-2.55765	379.642
224.6000	-2.55745	379.877
224.5000	-2.61694	380.109
224.4000	-2.69091	380.331
224.3000	-2.59953	380.56
224.2000	-2.52836	380.79
224.1000	-2.43554	381.027
224.0000	-2.52783	381.26
223.9000	-2.55362	381.493
223.8000	-2.55259	381.724
223.7000	-2.65068	381.96
223.6000	-2.66805	382.205
223.5000	-2.69001	382.447
223.4000	-2.83848	382.686
223.3000	-3.09407	382.914
223.2000	-3.21579	383.144
223.1000	-3.17808	383.382
223.0000	-3.09828	383.624
222.9000	-3.07325	383.859
222.8000	-2.96781	384.096
222.7000	-2.9433	384.331
222.6000	-2.92303	384.566
222.5000	-2.78995	384.811
222.4000	-2.83677	385.048
222.3000	-2.8376	385.283
222.2000	-2.78796	385.516
222.1000	-2.7321	385.753
222.0000	-2.62256	385.991
221.9000	-2.67357	386.217
221.8000	-2.74142	386.442
221.7000	-2.8459	386.668
221.6000	-2.68653	386.9
221.5000	-2.652	387.133
221.4000	-2.68633	387.362
221.3000	-2.73843	387.591
221.2000	-2.8441	387.818
221.1000	-2.87435	388.048
221.0000	-2.72036	388.278
220.9000	-2.53183	388.51
220.8000	-2.38958	388.746
220.7000	-2.26244	388.977
220.6000	-2.14445	389.215
220.5000	-2.04857	389.457
220.4000	-1.89026	389.689
220.3000	-1.84506	389.923
220.2000	-1.84306	390.16
220.1000	-1.88498	390.394
220.0000	-1.90633	390.631
219.9000	-2.07964	390.871
219.8000	-2.24483	391.105
219.7000	-2.41231	391.331
219.6000	-2.57458	391.56
219.5000	-2.555	391.803
219.4000	-2.54822	392.045
219.3000	-2.58213	392.283
219.2000	-2.72071	392.52
219.1000	-2.83742	392.751
219.0000	-2.99737	392.989
218.9000	-2.87484	393.233
218.8000	-2.78826	393.479
218.7000	-2.85617	393.708
218.6000	-2.98713	393.933
218.5000	-3.00736	394.166
218.4000	-2.83091	394.407
218.3000	-2.84922	394.641
218.2000	-2.82456	394.875
218.1000	-2.80485	395.108
218.0000	-2.89869	395.342
217.9000	-3.03336	395.575
217.8000	-3.02242	395.814
217.7000	-3.05714	396.054
217.6000	-3.21932	396.279
217.5000	-3.36735	396.514
217.4000	-3.3285	396.749
217.3000	-3.27472	396.986
217.2000	-3.26384	397.224
217.1000	-3.03523	397.465
217.0000	-2.84043	397.709
216.9000	-2.82479	397.948
216.8000	-2.89223	398.189
216.7000	-2.95501	398.424
216.6000	-2.87697	398.666
216.5000	-2.72686	398.906
216.4000	-2.75325	399.139
216.3000	-2.9745	399.365
216.2000	-3.29657	399.595
216.1000	-3.50939	399.828
216.0000	-3.46961	400.064
215.9000	-3.2699	400.305
215.8000	-3.10897	400.542
215.7000	-3.13938	400.781
215.6000	-3.3574	401.024
215.5000	-3.29802	401.276
215.4000	-3.12828	401.526
215.3000	-2.79474	401.776
215.2000	-2.5267	402.024
215.1000	-2.52484	402.282
215.0000	-2.58943	402.539
214.9000	-2.63835	402.793
214.8000	-2.55932	403.049
214.7000	-2.52889	403.304
214.6000	-2.58285	403.563
214.5000	-2.6771	403.818
214.4000	-2.85733	404.073
214.3000	-3.01236	404.329
214.2000	-3.08908	404.584
214.1000	-3.09344	404.839
214.0000	-3.0136	405.097
213.9000	-2.99746	405.354
213.8000	-3.10868	405.607
213.7000	-3.08387	405.865
213.6000	-3.00424	406.127
213.5000	-3.04693	406.388
213.4000	-2.90744	406.649
213.3000	-2.97732	406.912
213.2000	-2.82817	407.188
213.1000	-2.93614	407.463
213.0000	-2.5469	407.749
212.9000	-2.35449	408.036
212.8000	-2.43976	408.314
212.7000	-2.28207	408.603
212.6000	-2.1957	408.894
212.5000	-1.9859	409.186
212.4000	-1.89711	409.474
212.3000	-1.90968	409.756
212.2000	-2.08361	410.038
212.1000	-2.27824	410.324
212.0000	-2.35779	410.62
211.9000	-2.36155	410.915
211.8000	-2.49805	411.207
211.7000	-2.6812	411.509
211.6000	-2.87352	411.812
211.5000	-3.06776	412.115
211.4000	-3.05991	412.423
211.3000	-3.00053	412.734
211.2000	-2.98721	413.039
211.1000	-3.02049	413.347
211.0000	-2.94021	413.666
210.9000	-2.74485	413.98
210.8000	-2.73333	414.292
210.7000	-2.5803	414.614
210.6000	-2.31712	414.933
210.5000	-2.23951	415.26
210.4000	-2.10024	415.584
210.3000	-2.06165	415.915
210.2000	-2.21405	416.238
210.1000	-2.50584	416.559
210.0000	-2.68331	416.886
209.9000	-2.80292	417.215
209.8000	-2.92199	417.544
209.7000	-3.01554	417.879
209.6000	-3.27093	418.213
209.5000	-3.28496	418.556
209.4000	-3.1197	418.903
209.3000	-2.88038	419.252
209.2000	-2.85659	419.604
209.1000	-2.81205	419.953
209.0000	-2.92431	420.302
208.9000	-2.84127	420.66
208.8000	-2.57751	421.018
208.7000	-2.34257	421.371
208.6000	-2.23119	421.731
208.5000	-2.29679	422.094
208.4000	-2.30003	422.456
208.3000	-2.21617	422.824
208.2000	-2.24445	423.195
208.1000	-2.36888	423.562
208.0000	-2.69167	423.924
207.9000	-2.92028	424.294
207.8000	-3.13724	424.67
207.7000	-3.38097	425.038
207.6000	-3.4353	425.41
207.5000	-3.27589	425.785
207.4000	-3.31483	426.158
207.3000	-3.35094	426.529
207.2000	-3.27666	426.901
207.1000	-3.24445	427.277
207.0000	-3.24544	427.653
206.9000	-3.12984	428.033
206.8000	-3.03782	428.414
206.7000	-2.95811	428.8
206.6000	-2.98755	429.186
206.5000	-2.80182	429.578
206.4000	-2.78467	429.967
206.3000	-2.74684	430.363
206.2000	-2.69136	430.748
206.1000	-2.79919	431.127
206.0000	-2.80293	431.514
205.9000	-2.85704	431.902
205.8000	-2.92909	432.286
205.7000	-3.2285	432.67
205.6000	-3.12167	433.068
205.5000	-3.01102	433.469
205.4000	-2.9832	433.867
205.3000	-3.05821	434.275
205.2000	-2.89217	434.688
205.1000	-2.61302	435.109
205.0000	-2.57079	435.525
204.9000	-2.46409	435.943
204.8000	-2.28253	436.364
204.7000	-2.18122	436.787
204.6000	-2.02523	437.219
204.5000	-1.90125	437.646
204.4000	-1.90508	438.071
204.3000	-2.03856	438.498
204.2000	-2.12553	438.925
204.1000	-2.0806	439.357
204.0000	-1.85345	439.803
203.9000	-1.88764	440.243
203.8000	-2.08383	440.679
203.7000	-2.22849	441.123
203.6000	-2.14917	441.583
203.5000	-1.83461	442.048
203.4000	-1.6951	442.51
203.3000	-1.54135	442.981
203.2000	-1.35525	443.461
203.1000	-1.10259	443.95
203.0000	-0.932653	444.446
202.9000	-0.785867	444.945
202.8000	-0.726591	445.438
202.7000	-0.731576	445.936
202.6000	-0.689778	446.436
202.5000	-0.645963	446.944
202.4000	-0.748445	447.451
202.3000	-0.976875	447.96
202.2000	-0.874994	448.475
202.1000	-0.357878	448.999
202.0000	-0.0429382	449.529
201.9000	-0.0231252	450.062
201.8000	0.175496	450.606
201.7000	0.453955	451.162
201.6000	0.426995	451.721
201.5000	0.554952	452.282
201.4000	0.599972	452.85
201.3000	0.287275	453.423
201.2000	0.300829	454.01
201.1000	0.312277	454.598
201.0000	0.443311	455.204
200.9000	0.574905	455.815
200.8000	0.946471	456.434
200.7000	1.29442	457.059
200.6000	1.62209	457.7
200.5000	2.00723	458.352
200.4000	2.15872	459.014
200.3000	2.23156	459.69
200.2000	2.00662	460.364
200.1000	2.03606	461.049
200.0000	1.99784	461.744
199.9000	1.93024	462.447
199.8000	1.92272	463.157
199.7000	1.89346	463.863
199.6000	1.84187	464.579
199.5000	2.23476	465.312
199.4000	2.71499	466.058
199.3000	2.65611	466.802
199.2000	2.771	467.567
199.1000	2.85309	468.35
199.0000	3.04964	469.157
198.9000	3.14564	469.99
198.8000	2.97465	470.836
198.7000	2.85244	471.702
198.6000	2.68509	472.588
198.5000	2.91667	473.507
198.4000	3.45164	474.454
198.3000	3.53254	475.414
198.2000	3.319	476.396
198.1000	3.09474	477.405
198.0000	3.43385	478.461
197.9000	3.96631	479.554
197.8000	4.23005	480.678
197.7000	4.14822	481.834
197.6000	3.87989	483.01
197.5000	3.59494	484.206
197.4000	3.90084	485.427
197.3000	4.52309	486.662
197.2000	4.78979	487.881
197.1000	4.76444	489.078
197.0000	4.63155	490.272
196.9000	4.67517	491.464
196.8000	4.69277	492.663
196.7000	5.06359	493.893
196.6000	5.07918	495.145
196.5000	4.94968	496.435
196.4000	4.78994	497.79
196.3000	4.96078	499.224
196.2000	5.18689	500.732
196.1000	5.68642	502.326
196.0000	6.2107	503.999
195.9000	6.37671	505.76
195.8000	6.61801	507.615
195.7000	6.94944	509.599
195.6000	7.16391	511.695
195.5000	7.01811	513.915
195.4000	6.35972	516.254
195.3000	6.08566	518.702
195.2000	6.1176	521.243
195.1000	5.92159	523.846
195.0000	5.66409	526.454
194.9000	5.66336	529.016
194.8000	5.30433	531.472
194.7000	5.31545	533.818
194.6000	5.91395	536.062
194.5000	6.29629	538.206
194.4000	6.35999	540.279
194.3000	6.59416	542.314
194.2000	6.86436	544.377
194.1000	6.83303	546.543
194.0000	6.83229	548.873
193.9000	7.31366	551.444
193.8000	7.52972	554.265
193.7000	7.8375	557.378
193.6000	8.5604	560.806
193.5000	9.06765	564.593
193.4000	9.70398	568.777
193.3000	10.0587	573.355
193.2000	10.3501	578.311
193.1000	10.4228	583.622
193.0000	11.3703	589.252
192.9000	11.8518	595.082
192.8000	11.9117	601.003
192.7000	10.7512	606.82
192.6000	9.87384	612.35
192.5000	8.05814	617.438
192.4000	6.63158	622.081
192.3000	6.46399	626.316
192.2000	5.603	630.113
192.1000	4.84798	633.549
192.0000	4.40456	636.775
191.9000	6.0185	640.021
191.8000	7.09896	643.473
191.7000	8.43137	647.387
191.6000	9.16782	651.855
191.5000	7.96192	656.872
191.4000	8.16551	662.567
191.3000	8.06619	669.008
191.2000	8.01511	676.23
191.1000	6.75299	684.166
191.0000	4.65218	692.759
190.9000	2.35657	701.919
190.8000	1.43744	711.572
190.7000	3.69317	721.7
190.6000	5.47035	732.032
190.5000	6.44994	742.291
190.4000	6.79826	752.155
190.3000	7.67846	761.459
190.2000	7.88197	770.08
190.1000	6.30989	777.922
190.0000	5.32254	785.077

##### Extended Information
[Comments]
Sample name	ACE2_D2_0.2uM
Comment
User
Division
Company	CSIR-IMTECH

[Detailed Information]
Creation date	2/26/2024 3:34 PM

Data array type	Linear data array * 2
Horizontal axis	Wavelength [nm]
Vertical axis(1)	CD [mdeg]
Vertical axis(2)	HT [V]
Start	350 nm
End	190 nm
Data interval	0.1 nm
Data points	1601    

[Measurement Information]
Instrument Name	JASCO CD
Model Name	J-815
Serial No.	B063061168

Accessory	PTC-423S
Accessory S/N	C013945-01
  Temperature	37.51 C
  Control Sonsor	Cell
  Monitor Sensor	Cell
  Start Mode	Start immediately
  Cell Length	10 mm

Measurement date	2/26/2024 3:34 PM

Photometric Mode	CD, HT
Measure Range	350 - 190 nm
Data pitch	0.1 nm
Sensitivity	Standard
D.I.T.	1 sec
Bandwidth	1.00 nm
Start Mode	Immediately
Scanning Speed	50 nm/min
Baseline Correction	Baseline
Shutter Control	Manual
CD Detector	PMT
PMT Voltage	Auto
Accumulations	3
Concentration	0.2 umol/L

