TITLE	ACE2_D2_0.1uM
DATA TYPE	
ORIGIN	JASCO
OWNER	
DATE	24/02/26
TIME	15:16:02
SPECTROMETER/DATA SYSTEM	
LOCALE	1033
RESOLUTION	
DELTAX	-0.1
XUNITS	NANOMETERS
YUNITS	CD [mdeg]
Y2UNITS	HT [V]
FIRSTX	  350.0000
LASTX	  190.0000
NPOINTS	    1601
FIRSTY	     0.53954
MAXY	    19.73699
MINY	    -4.28621
XYDATA
350.0000	0.539538	471.835
349.9000	0.260227	471.203
349.8000	0.221293	470.318
349.7000	0.474408	469.429
349.6000	0.379179	468.78
349.5000	-0.0844411	468.207
349.4000	-0.314871	467.318
349.3000	-0.42407	466.697
349.2000	-0.225263	466.177
349.1000	-0.0196075	465.377
349.0000	-0.0094869	464.768
348.9000	-0.426049	464.215
348.8000	-0.815518	463.345
348.7000	-0.931421	462.46
348.6000	-0.963937	461.825
348.5000	-0.8546	461.282
348.4000	-0.653822	460.418
348.3000	-0.659402	459.757
348.2000	-0.531496	459.165
348.1000	-0.485651	458.288
348.0000	-0.542412	457.638
347.9000	-0.45893	457.075
347.8000	-0.435505	456.247
347.7000	-0.160115	455.418
347.6000	-0.0192576	454.826
347.5000	0.157747	454.332
347.4000	-0.0418772	453.535
347.3000	0.198311	452.941
347.2000	0.466324	452.432
347.1000	0.861458	451.699
347.0000	1.37755	451.155
346.9000	1.30245	450.672
346.8000	1.26935	449.887
346.7000	1.01593	449.078
346.6000	0.933663	448.48
346.5000	0.869652	447.734
346.4000	0.567727	446.973
346.3000	0.419241	446.378
346.2000	0.0813944	445.579
346.1000	-0.0344777	444.775
346.0000	-0.0596578	444.194
345.9000	-0.218235	443.708
345.8000	-0.190374	442.95
345.7000	-0.335875	442.382
345.6000	-0.320142	441.887
345.5000	-0.30782	441.177
345.4000	-0.176336	440.67
345.3000	-0.153719	440.244
345.2000	-0.233044	439.553
345.1000	-0.0526265	438.847
345.0000	0.101716	438.333
344.9000	0.229007	437.653
344.8000	0.339398	436.948
344.7000	0.420967	436.39
344.6000	0.363016	435.694
344.5000	0.568783	434.998
344.4000	0.8706	434.486
344.3000	0.670157	433.798
344.2000	0.439246	433.098
344.1000	0.14339	432.571
344.0000	-0.0459737	431.916
343.9000	0.0922526	431.271
343.8000	0.241523	430.792
343.7000	0.22815	430.359
343.6000	0.0156728	429.708
343.5000	-0.0691813	429.252
343.4000	0.0545237	428.88
343.3000	0.288539	428.27
343.2000	0.323041	427.818
343.1000	0.196501	427.418
343.0000	-0.1313	426.817
342.9000	-0.362496	426.205
342.8000	-0.315369	425.748
342.7000	-0.155779	425.13
342.6000	-0.0808797	424.496
342.5000	-0.0273102	424.031
342.4000	0.196036	423.452
342.3000	0.427126	422.868
342.2000	0.742358	422.429
342.1000	0.738326	421.862
342.0000	0.682301	421.293
341.9000	0.522599	420.891
341.8000	0.403646	420.356
341.7000	0.319561	419.813
341.6000	0.126791	419.405
341.5000	-0.0786194	418.855
341.4000	-0.0515391	418.296
341.3000	-0.0216848	417.864
341.2000	-0.0919932	417.303
341.1000	-0.136328	416.726
341.0000	-0.180368	416.297
340.9000	-0.23784	415.725
340.8000	-0.0598002	415.151
340.7000	0.101978	414.718
340.6000	-0.0209361	414.194
340.5000	-0.123777	413.671
340.4000	-0.0827016	413.282
340.3000	0.0523387	412.764
340.2000	0.253406	412.244
340.1000	0.597326	411.879
340.0000	0.459154	411.408
339.9000	0.382714	410.928
339.8000	0.410527	410.56
339.7000	0.340129	410.073
339.6000	0.312891	409.571
339.5000	0.216201	409.202
339.4000	0.0315236	408.716
339.3000	-0.360117	408.207
339.2000	-0.322232	407.665
339.1000	-0.190656	407.179
339.0000	-0.295175	406.681
338.9000	-0.170794	406.141
338.8000	-0.0337067	405.659
338.7000	-0.0486064	405.176
338.6000	-0.0291494	404.653
338.5000	0.200522	404.197
338.4000	0.287114	403.86
338.3000	0.165763	403.442
338.2000	0.1735	403.027
338.1000	0.259164	402.729
338.0000	0.271525	402.319
337.9000	0.384679	401.906
337.8000	0.456301	401.61
337.7000	0.446311	401.208
337.6000	0.454121	400.793
337.5000	0.347027	400.47
337.4000	0.326923	400.046
337.3000	0.184339	399.607
337.2000	0.155283	399.129
337.1000	0.133861	398.703
337.0000	-0.0261658	398.269
336.9000	-0.12176	397.822
336.8000	-0.155339	397.432
336.7000	-0.278548	397.035
336.6000	-0.4534	396.604
336.5000	-0.55864	396.218
336.4000	-0.649242	395.952
336.3000	-0.807062	395.596
336.2000	-0.821731	395.233
336.1000	-0.773505	394.961
336.0000	-0.835983	394.594
335.9000	-0.766496	394.206
335.8000	-0.571926	393.772
335.7000	-0.460444	393.377
335.6000	-0.358861	392.975
335.5000	-0.272112	392.554
335.4000	-0.272136	392.176
335.3000	-0.164673	391.8
335.2000	0.0883616	391.412
335.1000	0.188584	391.074
335.0000	0.169271	390.85
334.9000	0.316388	390.537
334.8000	0.342458	390.207
334.7000	0.306719	389.835
334.6000	0.262889	389.502
334.5000	0.197424	389.161
334.4000	0.0307617	388.768
334.3000	0.000801595	388.411
334.2000	-0.0489136	388.045
334.1000	-0.208503	387.649
334.0000	-0.300537	387.305
333.9000	-0.193129	387.062
333.8000	0.016861	386.741
333.7000	0.118185	386.415
333.6000	0.00605164	386.051
333.5000	-0.0475983	385.737
333.4000	-0.0282878	385.42
333.3000	0.0586019	385.079
333.2000	0.139365	384.783
333.1000	0.158824	384.479
333.0000	-0.0133738	384.146
332.9000	-0.107184	383.848
332.8000	-0.0881134	383.517
332.7000	-0.0375865	383.225
332.6000	-0.0507314	382.921
332.5000	-0.0933706	382.585
332.4000	-0.134874	382.29
332.3000	-0.0410706	381.989
332.2000	0.167848	381.657
332.1000	0.170457	381.357
332.0000	0.296851	381.025
331.9000	0.330665	380.737
331.8000	0.327159	380.45
331.7000	0.346725	380.143
331.6000	0.266483	379.863
331.5000	0.0927358	379.456
331.4000	-0.211147	379.126
331.3000	-0.407795	378.834
331.2000	-0.657648	378.532
331.1000	-0.827673	378.267
331.0000	-0.789992	377.995
330.9000	-0.785786	377.697
330.8000	-0.724287	377.431
330.7000	-0.630925	377.147
330.6000	-0.61123	376.903
330.5000	-0.559159	376.654
330.4000	-0.306044	376.366
330.3000	-0.184152	376.107
330.2000	-0.244247	375.755
330.1000	-0.236727	375.479
330.0000	-0.269948	375.231
329.9000	-0.232236	374.931
329.8000	-0.242565	374.659
329.7000	-0.107866	374.308
329.6000	-0.0799154	374.033
329.5000	-0.130143	373.794
329.4000	-0.125338	373.501
329.3000	-0.290829	373.228
329.2000	-0.230418	372.893
329.1000	-0.237534	372.653
329.0000	-0.346941	372.458
328.9000	-0.502665	372.201
328.8000	-0.55138	371.965
328.7000	-0.546724	371.701
328.6000	-0.46159	371.522
328.5000	-0.300641	371.386
328.4000	-0.355818	371.121
328.3000	-0.320494	370.865
328.2000	-0.199134	370.612
328.1000	0.0272125	370.453
328.0000	0.160467	370.332
327.9000	0.180052	370.02
327.8000	0.20455	369.702
327.7000	0.233385	369.403
327.6000	0.182726	369.236
327.5000	0.0960063	369.133
327.4000	0.0609355	368.83
327.3000	0.0531698	368.503
327.2000	-0.0820994	368.217
327.1000	-0.163847	368.092
327.0000	-0.136663	368.042
326.9000	-0.13314	367.771
326.8000	-0.12795	367.464
326.7000	-0.134451	367.185
326.6000	-0.15132	367.059
326.5000	-0.312898	367.003
326.4000	-0.358653	366.697
326.3000	-0.377364	366.349
326.2000	-0.518092	366.045
326.1000	-0.51862	365.894
326.0000	-0.430067	365.592
325.9000	-0.28181	365.263
325.8000	-0.232763	364.91
325.7000	-0.10798	364.616
325.6000	-0.0526367	364.482
325.5000	-0.055485	364.213
325.4000	0.0590881	363.908
325.3000	0.0529531	363.576
325.2000	-0.0285126	363.465
325.1000	-0.11256	363.441
325.0000	-0.143906	363.213
324.9000	-0.158377	362.935
324.8000	-0.194806	362.66
324.7000	-0.134534	362.554
324.6000	-0.0273743	362.527
324.5000	0.04092	362.286
324.4000	0.0620402	361.996
324.3000	0.0625203	361.712
324.2000	-0.037738	361.573
324.1000	-0.058139	361.299
324.0000	-0.103639	360.996
323.9000	-0.130994	360.668
323.8000	-0.268458	360.368
323.7000	-0.391313	360.217
323.6000	-0.465829	359.965
323.5000	-0.5863	359.682
323.4000	-0.521048	359.42
323.3000	-0.554052	359.312
323.2000	-0.511227	359.28
323.1000	-0.407493	359.094
323.0000	-0.257316	358.88
322.9000	-0.21618	358.627
322.8000	-0.283777	358.494
322.7000	-0.242315	358.249
322.6000	-0.204461	357.965
322.5000	-0.117743	357.661
322.4000	-0.0544729	357.354
322.3000	-0.106567	357.148
322.2000	-0.155785	356.794
322.1000	-0.235865	356.439
322.0000	-0.183299	356.121
321.9000	-0.079774	355.935
321.8000	-0.100932	355.691
321.7000	-0.106507	355.447
321.6000	-0.109085	355.203
321.5000	-0.0897695	354.963
321.4000	-0.0670542	354.881
321.3000	-0.0111033	354.765
321.2000	-0.0522705	354.633
321.1000	-0.162733	354.465
321.0000	-0.238875	354.399
320.9000	-0.221035	354.259
320.8000	-0.219535	354.112
320.7000	-0.258905	353.951
320.6000	-0.334328	353.781
320.5000	-0.380245	353.692
320.4000	-0.421914	353.483
320.3000	-0.367953	353.284
320.2000	-0.272803	353.086
320.1000	-0.149937	352.976
320.0000	-0.0893097	352.807
319.9000	-0.0965932	352.644
319.8000	-0.0369517	352.46
319.7000	0.0501017	352.271
319.6000	0.0389018	352.085
319.5000	0.0772491	351.955
319.4000	-0.0167582	351.814
319.3000	-0.103878	351.627
319.2000	-0.28701	351.502
319.1000	-0.345087	351.304
319.0000	-0.451464	351.113
318.9000	-0.588461	350.886
318.8000	-0.59232	350.736
318.7000	-0.513339	350.5
318.6000	-0.42099	350.258
318.5000	-0.361736	350.03
318.4000	-0.408174	349.812
318.3000	-0.394775	349.619
318.2000	-0.378694	349.469
318.1000	-0.434786	349.345
318.0000	-0.439761	349.185
317.9000	-0.489547	349.109
317.8000	-0.492958	349.012
317.7000	-0.504298	348.922
317.6000	-0.452192	348.762
317.5000	-0.2711	348.644
317.4000	-0.192356	348.468
317.3000	-0.0782928	348.284
317.2000	0.0302592	348.076
317.1000	0.138304	347.878
317.0000	0.243909	347.634
316.9000	0.293667	347.405
316.8000	0.268322	347.194
316.7000	0.172772	346.999
316.6000	0.0599742	346.826
316.5000	0.0083374	346.675
316.4000	-0.00689697	346.502
316.3000	-0.128774	346.335
316.2000	-0.247373	346.194
316.1000	-0.310103	346.095
316.0000	-0.357857	346.018
315.9000	-0.346815	345.872
315.8000	-0.323698	345.746
315.7000	-0.34962	345.583
315.6000	-0.318122	345.471
315.5000	-0.319406	345.296
315.4000	-0.232509	345.153
315.3000	-0.176312	344.946
315.2000	-0.111027	344.731
315.1000	-0.161459	344.527
315.0000	-0.0592041	344.347
314.9000	0.0715708	344.188
314.8000	0.0193359	344.034
314.7000	-0.0270325	343.871
314.6000	-0.137429	343.73
314.5000	-0.260725	343.607
314.4000	-0.277361	343.507
314.3000	-0.230092	343.364
314.2000	-0.327677	343.234
314.1000	-0.470686	343.072
314.0000	-0.487304	342.918
313.9000	-0.443856	342.737
313.8000	-0.391449	342.58
313.7000	-0.260583	342.368
313.6000	-0.253279	342.16
313.5000	-0.314835	341.966
313.4000	-0.279816	341.798
313.3000	-0.297219	341.642
313.2000	-0.322782	341.491
313.1000	-0.394246	341.319
313.0000	-0.451619	341.17
312.9000	-0.430634	341.048
312.8000	-0.414457	340.953
312.7000	-0.235926	340.812
312.6000	-0.13327	340.681
312.5000	-0.112917	340.531
312.4000	-0.0107249	340.385
312.3000	0.133364	340.21
312.2000	0.149781	340.051
312.1000	0.115213	339.845
312.0000	0.0425934	339.641
311.9000	-0.0534332	339.442
311.8000	-0.208275	339.251
311.7000	-0.335042	339.082
311.6000	-0.458094	338.859
311.5000	-0.564958	338.694
311.4000	-0.533604	338.542
311.3000	-0.457892	338.439
311.2000	-0.387368	338.301
311.1000	-0.380544	338.201
311.0000	-0.342183	338.102
310.9000	-0.250408	338.01
310.8000	-0.222564	337.904
310.7000	-0.219595	337.823
310.6000	-0.184138	337.702
310.5000	-0.127574	337.583
310.4000	-0.156132	337.474
310.3000	-0.160349	337.383
310.2000	-0.212541	337.297
310.1000	-0.211942	337.219
310.0000	-0.192617	337.13
309.9000	-0.0529744	337.06
309.8000	-0.0168203	337.003
309.7000	-0.0771729	336.902
309.6000	-0.157686	336.823
309.5000	-0.248605	336.728
309.4000	-0.198239	336.648
309.3000	-0.083667	336.498
309.2000	0.0434825	336.383
309.1000	0.0374603	336.234
309.0000	0.0351013	336.101
308.9000	0.0529958	335.972
308.8000	0.0760824	335.864
308.7000	0.212216	335.764
308.6000	0.220842	335.665
308.5000	0.125645	335.552
308.4000	0.0262258	335.45
308.3000	0.0781759	335.383
308.2000	0.121581	335.265
308.1000	0.0711161	335.176
308.0000	0.0840464	335.081
307.9000	0.0695028	334.993
307.8000	0.010199	334.841
307.7000	-0.0105214	334.734
307.6000	-0.0686534	334.62
307.5000	-0.14998	334.453
307.4000	-0.232419	334.335
307.3000	-0.238869	334.228
307.2000	-0.196148	334.139
307.1000	-0.203968	334.002
307.0000	-0.269952	333.909
306.9000	-0.207641	333.83
306.8000	-0.188515	333.777
306.7000	-0.184417	333.707
306.6000	-0.222983	333.629
306.5000	-0.124624	333.565
306.4000	-0.101167	333.434
306.3000	-0.0787954	333.34
306.2000	-0.00120036	333.227
306.1000	0.041154	333.122
306.0000	0.0639343	332.97
305.9000	0.0846812	332.865
305.8000	0.161942	332.788
305.7000	0.243074	332.657
305.6000	0.282558	332.574
305.5000	0.195603	332.505
305.4000	0.0435883	332.458
305.3000	0.0418498	332.356
305.2000	0.0275085	332.286
305.1000	0.00172933	332.217
305.0000	0.00664368	332.088
304.9000	-0.0820597	332
304.8000	-0.204586	331.904
304.7000	-0.0926331	331.816
304.6000	0.029657	331.685
304.5000	0.0384755	331.595
304.4000	-0.0333313	331.528
304.3000	0.00380452	331.403
304.2000	-0.00667013	331.33
304.1000	-0.0130005	331.285
304.0000	0.00853068	331.257
303.9000	-0.0801208	331.161
303.8000	-0.190191	331.088
303.7000	-0.229593	331.039
303.6000	-0.232181	330.924
303.5000	-0.261861	330.854
303.4000	-0.273614	330.785
303.3000	-0.239234	330.673
303.2000	-0.301731	330.555
303.1000	-0.312424	330.482
303.0000	-0.298381	330.442
302.9000	-0.24214	330.336
302.8000	-0.222903	330.27
302.7000	-0.223727	330.228
302.6000	-0.233879	330.133
302.5000	-0.317827	330.074
302.4000	-0.333357	330.024
302.3000	-0.317353	329.923
302.2000	-0.286937	329.821
302.1000	-0.307039	329.738
302.0000	-0.335622	329.679
301.9000	-0.264597	329.586
301.8000	-0.235934	329.524
301.7000	-0.223971	329.482
301.6000	-0.192994	329.389
301.5000	-0.145573	329.336
301.4000	-0.173257	329.294
301.3000	-0.223376	329.209
301.2000	-0.293127	329.133
301.1000	-0.29639	329.073
301.0000	-0.32439	329.038
300.9000	-0.291796	328.953
300.8000	-0.203869	328.874
300.7000	-0.185239	328.813
300.6000	-0.15088	328.73
300.5000	-0.0548543	328.675
300.4000	0.0347005	328.641
300.3000	0.0733297	328.558
300.2000	0.12258	328.476
300.1000	0.116819	328.42
300.0000	0.0757924	328.351
299.9000	-0.0205617	328.292
299.8000	-0.0794841	328.245
299.7000	-0.124258	328.171
299.6000	-0.16525	328.097
299.5000	-0.151576	328.037
299.4000	-0.160886	327.992
299.3000	-0.164496	327.923
299.2000	-0.198591	327.877
299.1000	-0.219908	327.845
299.0000	-0.205688	327.774
298.9000	-0.26626	327.725
298.8000	-0.268578	327.694
298.7000	-0.359486	327.63
298.6000	-0.441842	327.575
298.5000	-0.542076	327.528
298.4000	-0.568389	327.462
298.3000	-0.510638	327.4
298.2000	-0.488292	327.35
298.1000	-0.44018	327.292
298.0000	-0.420296	327.235
297.9000	-0.37151	327.197
297.8000	-0.373218	327.131
297.7000	-0.400184	327.069
297.6000	-0.359903	327.032
297.5000	-0.370661	326.966
297.4000	-0.461198	326.911
297.3000	-0.539039	326.874
297.2000	-0.612682	326.806
297.1000	-0.620697	326.751
297.0000	-0.568679	326.714
296.9000	-0.513152	326.66
296.8000	-0.434833	326.611
296.7000	-0.373658	326.579
296.6000	-0.386639	326.561
296.5000	-0.348434	326.512
296.4000	-0.260229	326.485
296.3000	-0.220407	326.471
296.2000	-0.25375	326.425
296.1000	-0.252127	326.395
296.0000	-0.272998	326.376
295.9000	-0.364261	326.328
295.8000	-0.418735	326.265
295.7000	-0.397371	326.233
295.6000	-0.437119	326.196
295.5000	-0.521227	326.137
295.4000	-0.532357	326.073
295.3000	-0.50255	326.034
295.2000	-0.48705	325.982
295.1000	-0.4529	325.923
295.0000	-0.41774	325.893
294.9000	-0.346843	325.85
294.8000	-0.334473	325.79
294.7000	-0.345033	325.754
294.6000	-0.340867	325.725
294.5000	-0.320318	325.685
294.4000	-0.294839	325.655
294.3000	-0.261	325.632
294.2000	-0.231509	325.588
294.1000	-0.249019	325.551
294.0000	-0.248698	325.526
293.9000	-0.16636	325.483
293.8000	-0.108893	325.455
293.7000	-0.146162	325.433
293.6000	-0.213135	325.383
293.5000	-0.34429	325.32
293.4000	-0.43788	325.291
293.3000	-0.456584	325.252
293.2000	-0.474481	325.203
293.1000	-0.505727	325.181
293.0000	-0.528746	325.137
292.9000	-0.5622	325.088
292.8000	-0.634047	325.067
292.7000	-0.602452	325.048
292.6000	-0.593714	325.015
292.5000	-0.519898	324.968
292.4000	-0.548785	324.943
292.3000	-0.521382	324.903
292.2000	-0.559577	324.859
292.1000	-0.631865	324.838
292.0000	-0.685734	324.802
291.9000	-0.741028	324.753
291.8000	-0.763971	324.709
291.7000	-0.765049	324.692
291.6000	-0.756463	324.654
291.5000	-0.756529	324.614
291.4000	-0.77164	324.594
291.3000	-0.607168	324.554
291.2000	-0.453782	324.497
291.1000	-0.321004	324.437
291.0000	-0.209676	324.396
290.9000	-0.192105	324.327
290.8000	-0.139226	324.241
290.7000	-0.148764	324.147
290.6000	-0.144831	324.041
290.5000	-0.163566	323.916
290.4000	-0.163899	323.79
290.3000	-0.166819	323.682
290.2000	-0.196982	323.552
290.1000	-0.271557	323.417
290.0000	-0.286215	323.299
289.9000	-0.234247	323.223
289.8000	-0.136794	323.16
289.7000	-0.0663645	323.118
289.6000	-0.0682617	323.111
289.5000	-0.116436	323.139
289.4000	-0.0679545	323.19
289.3000	-0.00528463	323.269
289.2000	0.015506	323.364
289.1000	-0.026651	323.472
289.0000	-0.0770386	323.571
288.9000	-0.150428	323.668
288.8000	-0.197221	323.753
288.7000	-0.117767	323.829
288.6000	-0.106774	323.879
288.5000	-0.116113	323.915
288.4000	-0.0590108	323.935
288.3000	-0.00632731	323.948
288.2000	0.0197937	323.947
288.1000	0.0385691	323.935
288.0000	0.0771088	323.917
287.9000	0.136096	323.882
287.8000	0.215227	323.863
287.7000	0.317265	323.842
287.6000	0.268772	323.822
287.5000	0.238216	323.789
287.4000	0.244855	323.772
287.3000	0.283371	323.752
287.2000	0.200373	323.734
287.1000	0.146198	323.718
287.0000	0.0173574	323.683
286.9000	-0.0770142	323.661
286.8000	-0.0385579	323.649
286.7000	-0.0703003	323.635
286.6000	-0.142965	323.604
286.5000	-0.199174	323.588
286.4000	-0.209149	323.582
286.3000	-0.211464	323.574
286.2000	-0.217915	323.573
286.1000	-0.18572	323.561
286.0000	-0.183567	323.56
285.9000	-0.201849	323.556
285.8000	-0.16499	323.553
285.7000	-0.150334	323.541
285.6000	-0.131521	323.518
285.5000	-0.0774506	323.518
285.4000	-0.032902	323.522
285.3000	-0.0338654	323.523
285.2000	-0.0924876	323.509
285.1000	-0.124273	323.492
285.0000	-0.0901225	323.498
284.9000	-0.0785838	323.499
284.8000	-0.0621012	323.503
284.7000	-0.107359	323.492
284.6000	-0.183189	323.474
284.5000	-0.272849	323.476
284.4000	-0.251962	323.484
284.3000	-0.224673	323.489
284.2000	-0.188679	323.479
284.1000	-0.156167	323.462
284.0000	-0.110781	323.447
283.9000	-0.018985	323.452
283.8000	0.0224976	323.459
283.7000	0.105375	323.458
283.6000	0.126188	323.445
283.5000	0.129764	323.44
283.4000	0.0816121	323.431
283.3000	0.0283518	323.445
283.2000	-0.0739644	323.467
283.1000	-0.140045	323.469
283.0000	-0.132619	323.466
282.9000	-0.107361	323.46
282.8000	-0.0935933	323.462
282.7000	-0.118467	323.479
282.6000	-0.113712	323.499
282.5000	-0.104736	323.511
282.4000	-0.0688405	323.506
282.3000	-0.0395874	323.506
282.2000	-0.0709208	323.505
282.1000	-0.137858	323.521
282.0000	-0.200564	323.534
281.9000	-0.254153	323.531
281.8000	-0.290887	323.53
281.7000	-0.336994	323.524
281.6000	-0.353318	323.526
281.5000	-0.328955	323.527
281.4000	-0.302189	323.547
281.3000	-0.353719	323.556
281.2000	-0.293396	323.558
281.1000	-0.270883	323.557
281.0000	-0.270069	323.556
280.9000	-0.235458	323.554
280.8000	-0.150778	323.55
280.7000	-0.107128	323.55
280.6000	-0.157218	323.555
280.5000	-0.114052	323.55
280.4000	-0.0547302	323.548
280.3000	-0.0628377	323.542
280.2000	0.0189748	323.532
280.1000	0.0729594	323.523
280.0000	0.0906535	323.513
279.9000	0.0326803	323.499
279.8000	0.0136047	323.473
279.7000	0.108126	323.461
279.6000	0.13996	323.448
279.5000	0.151809	323.442
279.4000	0.0767588	323.437
279.3000	-0.0274933	323.429
279.2000	-0.0616557	323.424
279.1000	-0.0469167	323.423
279.0000	-0.0253733	323.425
278.9000	-0.0588908	323.417
278.8000	-0.206295	323.423
278.7000	-0.237209	323.429
278.6000	-0.194996	323.437
278.5000	-0.0846252	323.452
278.4000	-0.0059377	323.468
278.3000	-0.0580872	323.483
278.2000	-0.110125	323.497
278.1000	-0.0732747	323.508
278.0000	0.0136495	323.506
277.9000	0.0155457	323.498
277.8000	0.00983988	323.491
277.7000	0.00965169	323.485
277.6000	0.000511678	323.494
277.5000	-0.041806	323.502
277.4000	-0.0586477	323.509
277.3000	-0.066096	323.521
277.2000	-0.119207	323.534
277.1000	-0.149367	323.55
277.0000	-0.185185	323.564
276.9000	-0.231677	323.574
276.8000	-0.275259	323.571
276.7000	-0.257313	323.563
276.6000	-0.176024	323.562
276.5000	-0.146884	323.563
276.4000	-0.184953	323.562
276.3000	-0.0652974	323.561
276.2000	-0.000872803	323.558
276.1000	0.0537811	323.561
276.0000	0.0635254	323.58
275.9000	0.0510956	323.601
275.8000	0.078418	323.621
275.7000	0.116207	323.641
275.6000	0.221622	323.665
275.5000	0.223904	323.689
275.4000	0.205181	323.718
275.3000	0.246417	323.75
275.2000	0.205584	323.766
275.1000	0.216994	323.775
275.0000	0.201462	323.786
274.9000	0.184536	323.796
274.8000	0.0909912	323.801
274.7000	0.0159698	323.803
274.6000	-0.0268941	323.805
274.5000	-0.0624481	323.805
274.4000	-0.0559611	323.809
274.3000	-0.062738	323.812
274.2000	-0.0805806	323.814
274.1000	-0.162237	323.817
274.0000	-0.243671	323.82
273.9000	-0.36211	323.827
273.8000	-0.403766	323.837
273.7000	-0.386919	323.844
273.6000	-0.423238	323.848
273.5000	-0.439321	323.857
273.4000	-0.469507	323.867
273.3000	-0.465088	323.881
273.2000	-0.388797	323.897
273.1000	-0.296833	323.914
273.0000	-0.272658	323.927
272.9000	-0.336885	323.944
272.8000	-0.285242	323.962
272.7000	-0.232805	323.982
272.6000	-0.139373	324.004
272.5000	-0.0305135	324.026
272.4000	0.0851593	324.045
272.3000	0.133549	324.063
272.2000	0.220973	324.085
272.1000	0.312011	324.106
272.0000	0.336388	324.124
271.9000	0.378126	324.144
271.8000	0.359402	324.16
271.7000	0.3055	324.172
271.6000	0.166375	324.182
271.5000	0.110679	324.196
271.4000	0.0862061	324.205
271.3000	0.0987722	324.214
271.2000	0.0803457	324.222
271.1000	0.0100861	324.226
271.0000	0.00611572	324.229
270.9000	-0.00251668	324.221
270.8000	0.0197693	324.218
270.7000	-0.0128672	324.212
270.6000	-0.0357168	324.206
270.5000	-0.0973684	324.197
270.4000	-0.173943	324.187
270.3000	-0.151824	324.183
270.2000	-0.195587	324.187
270.1000	-0.212242	324.205
270.0000	-0.159137	324.227
269.9000	-0.119983	324.243
269.8000	-0.0897634	324.26
269.7000	-0.0322479	324.282
269.6000	0.0114685	324.305
269.5000	0.0232727	324.323
269.4000	0.0543111	324.324
269.3000	0.0667613	324.324
269.2000	-0.0168894	324.327
269.1000	-0.045517	324.333
269.0000	0.0070343	324.34
268.9000	-0.0530762	324.355
268.8000	-0.0648936	324.375
268.7000	-0.026887	324.405
268.6000	-0.0246704	324.448
268.5000	-0.0169312	324.492
268.4000	0.0458232	324.531
268.3000	0.10891	324.559
268.2000	0.121716	324.592
268.1000	0.152229	324.617
268.0000	0.244024	324.649
267.9000	0.238683	324.681
267.8000	0.214274	324.714
267.7000	0.173097	324.746
267.6000	0.052181	324.783
267.5000	-0.0181285	324.832
267.4000	-0.0726451	324.866
267.3000	-0.0972595	324.904
267.2000	-0.184505	324.937
267.1000	-0.251222	324.966
267.0000	-0.20226	325.001
266.9000	-0.163546	325.038
266.8000	-0.130154	325.074
266.7000	-0.120842	325.092
266.6000	-0.106547	325.131
266.5000	-0.107185	325.179
266.4000	-0.178344	325.223
266.3000	-0.132999	325.276
266.2000	-0.173799	325.326
266.1000	-0.20324	325.377
266.0000	-0.154933	325.413
265.9000	-0.169536	325.467
265.8000	-0.110476	325.528
265.7000	-0.0940837	325.588
265.6000	0.0155416	325.662
265.5000	0.0180725	325.727
265.4000	0.0462077	325.775
265.3000	0.138267	325.817
265.2000	0.15761	325.879
265.1000	0.14064	325.952
265.0000	0.137612	326.014
264.9000	0.170013	326.082
264.8000	0.0888163	326.123
264.7000	0.0163198	326.166
264.6000	-0.073348	326.219
264.5000	-0.217507	326.279
264.4000	-0.33409	326.346
264.3000	-0.294522	326.4
264.2000	-0.27345	326.454
264.1000	-0.332923	326.515
264.0000	-0.336815	326.586
263.9000	-0.322996	326.664
263.8000	-0.310713	326.738
263.7000	-0.241548	326.819
263.6000	-0.165852	326.899
263.5000	-0.253987	326.97
263.4000	-0.386972	327.047
263.3000	-0.388177	327.108
263.2000	-0.418449	327.169
263.1000	-0.3793	327.238
263.0000	-0.190182	327.306
262.9000	-0.119205	327.354
262.8000	-0.0921438	327.398
262.7000	-0.0786011	327.447
262.6000	-0.020519	327.507
262.5000	-0.0146128	327.576
262.4000	0.0215383	327.636
262.3000	0.0831563	327.694
262.2000	0.0840403	327.754
262.1000	0.0520498	327.838
262.0000	0.0626923	327.912
261.9000	0.0621745	327.988
261.8000	0.059669	328.064
261.7000	0.0705129	328.12
261.6000	0.0458893	328.181
261.5000	-0.00109049	328.252
261.4000	-0.0916138	328.323
261.3000	-0.140754	328.383
261.2000	-0.208151	328.456
261.1000	-0.240814	328.539
261.0000	-0.176264	328.626
260.9000	-0.165172	328.708
260.8000	-0.18201	328.801
260.7000	-0.163046	328.893
260.6000	-0.196523	328.973
260.5000	-0.173326	329.054
260.4000	-0.165905	329.144
260.3000	-0.176069	329.23
260.2000	-0.193255	329.299
260.1000	-0.16466	329.38
260.0000	-0.180988	329.464
259.9000	-0.17737	329.529
259.8000	-0.146114	329.608
259.7000	-0.0867055	329.696
259.6000	-0.025706	329.768
259.5000	0.058311	329.839
259.4000	0.0565033	329.916
259.3000	0.051354	329.981
259.2000	0.0869537	330.044
259.1000	0.123538	330.116
259.0000	0.18048	330.181
258.9000	0.0777273	330.24
258.8000	-0.00461019	330.309
258.7000	-0.0135579	330.372
258.6000	-0.0606771	330.437
258.5000	-0.011731	330.517
258.4000	-0.0395864	330.591
258.3000	-0.0708832	330.669
258.2000	-0.0784821	330.753
258.1000	-0.066922	330.828
258.0000	-0.106313	330.911
257.9000	-0.201576	331
257.8000	-0.209955	331.084
257.7000	-0.209872	331.171
257.6000	-0.208337	331.267
257.5000	-0.281094	331.353
257.4000	-0.368619	331.443
257.3000	-0.472402	331.531
257.2000	-0.466998	331.621
257.1000	-0.410752	331.715
257.0000	-0.390665	331.802
256.9000	-0.419302	331.884
256.8000	-0.346225	331.955
256.7000	-0.227513	332.037
256.6000	-0.148065	332.119
256.5000	-0.0940084	332.191
256.4000	-0.0800201	332.259
256.3000	-0.07105	332.313
256.2000	-0.0406982	332.378
256.1000	0.0644348	332.454
256.0000	0.0346191	332.521
255.9000	-0.0277496	332.593
255.8000	-0.109925	332.652
255.7000	-0.0436564	332.73
255.6000	0.0849721	332.825
255.5000	0.231849	332.922
255.4000	0.255038	333.022
255.3000	0.149929	333.102
255.2000	0.050411	333.19
255.1000	0.0319132	333.271
255.0000	0.114582	333.363
254.9000	0.163571	333.443
254.8000	0.0575907	333.519
254.7000	-0.0388733	333.602
254.6000	-0.0847616	333.674
254.5000	-0.0402273	333.75
254.4000	-0.0712606	333.822
254.3000	-0.0282583	333.909
254.2000	-0.0614614	333.987
254.1000	-0.137472	334.068
254.0000	-0.152042	334.143
253.9000	-0.159791	334.22
253.8000	-0.272663	334.284
253.7000	-0.339687	334.354
253.6000	-0.241794	334.427
253.5000	-0.181065	334.503
253.4000	-0.186754	334.571
253.3000	-0.192878	334.65
253.2000	-0.124132	334.727
253.1000	-0.123671	334.799
253.0000	-0.108562	334.878
252.9000	-0.043575	334.967
252.8000	-0.0159312	335.049
252.7000	0.051236	335.136
252.6000	0.0933533	335.229
252.5000	0.0957845	335.327
252.4000	0.0940145	335.411
252.3000	0.11535	335.494
252.2000	0.143025	335.56
252.1000	0.157322	335.619
252.0000	0.123819	335.677
251.9000	0.0739878	335.735
251.8000	0.0594208	335.798
251.7000	0.137244	335.852
251.6000	0.111329	335.917
251.5000	0.0660309	335.98
251.4000	0.0585765	336.064
251.3000	0.125686	336.15
251.2000	0.182993	336.236
251.1000	0.0853038	336.328
251.0000	-0.117535	336.409
250.9000	-0.255607	336.503
250.8000	-0.241327	336.596
250.7000	-0.0773722	336.703
250.6000	-0.0373728	336.796
250.5000	0.0350728	336.886
250.4000	-0.0591502	336.987
250.3000	-0.0970022	337.08
250.2000	-0.00943502	337.178
250.1000	0.0619659	337.257
250.0000	0.0421285	337.328
249.9000	-0.100369	337.394
249.8000	-0.157255	337.465
249.7000	-0.207809	337.553
249.6000	-0.159284	337.641
249.5000	-0.14116	337.726
249.4000	-0.0471781	337.817
249.3000	-0.0634043	337.904
249.2000	-0.0773397	337.989
249.1000	-0.0837067	338.078
249.0000	-0.0286957	338.163
248.9000	-0.0408569	338.235
248.8000	-0.0818298	338.307
248.7000	-0.0455729	338.377
248.6000	-0.0751709	338.442
248.5000	-0.0652039	338.519
248.4000	-0.0303324	338.607
248.3000	-0.00814718	338.69
248.2000	-0.0896006	338.768
248.1000	-0.15178	338.85
248.0000	-0.233485	338.929
247.9000	-0.376008	339.018
247.8000	-0.41401	339.106
247.7000	-0.497619	339.184
247.6000	-0.569082	339.257
247.5000	-0.506379	339.33
247.4000	-0.370531	339.408
247.3000	-0.39793	339.486
247.2000	-0.456289	339.567
247.1000	-0.415814	339.637
247.0000	-0.455259	339.701
246.9000	-0.397767	339.779
246.8000	-0.287792	339.854
246.7000	-0.171972	339.927
246.6000	-0.211031	339.996
246.5000	-0.235553	340.077
246.4000	-0.121805	340.158
246.3000	-0.0197886	340.239
246.2000	0.117989	340.325
246.1000	0.16174	340.413
246.0000	0.114382	340.497
245.9000	-0.0218099	340.584
245.8000	-0.132314	340.681
245.7000	-0.160815	340.787
245.6000	-0.169396	340.889
245.5000	-0.194164	340.992
245.4000	-0.23346	341.096
245.3000	-0.229395	341.196
245.2000	-0.155131	341.306
245.1000	-0.201197	341.413
245.0000	-0.244433	341.514
244.9000	-0.251468	341.603
244.8000	-0.33743	341.686
244.7000	-0.356985	341.782
244.6000	-0.363877	341.881
244.5000	-0.36072	341.98
244.4000	-0.431733	342.067
244.3000	-0.413463	342.154
244.2000	-0.287184	342.248
244.1000	-0.274562	342.355
244.0000	-0.214195	342.46
243.9000	-0.170215	342.558
243.8000	-0.20517	342.645
243.7000	-0.1627	342.734
243.6000	-0.247784	342.83
243.5000	-0.291458	342.938
243.4000	-0.291787	343.059
243.3000	-0.275024	343.171
243.2000	-0.216548	343.284
243.1000	-0.252092	343.396
243.0000	-0.199159	343.513
242.9000	-0.243474	343.63
242.8000	-0.252132	343.737
242.7000	-0.176135	343.841
242.6000	-0.116874	343.937
242.5000	-0.122162	344.03
242.4000	-0.148188	344.131
242.3000	-0.151607	344.234
242.2000	-0.234122	344.336
242.1000	-0.250697	344.45
242.0000	-0.200572	344.572
241.9000	-0.214792	344.687
241.8000	-0.303373	344.796
241.7000	-0.333211	344.912
241.6000	-0.34689	345.022
241.5000	-0.263003	345.131
241.4000	-0.18824	345.252
241.3000	-0.160264	345.374
241.2000	-0.259663	345.491
241.1000	-0.33185	345.611
241.0000	-0.470462	345.737
240.9000	-0.51904	345.866
240.8000	-0.515276	345.994
240.7000	-0.634806	346.125
240.6000	-0.860091	346.25
240.5000	-0.899352	346.375
240.4000	-0.862687	346.498
240.3000	-0.825323	346.623
240.2000	-0.682873	346.75
240.1000	-0.541816	346.879
240.0000	-0.46024	347.012
239.9000	-0.299417	347.153
239.8000	-0.176901	347.293
239.7000	-0.116003	347.425
239.6000	-0.174092	347.551
239.5000	-0.210725	347.69
239.4000	-0.121674	347.838
239.3000	-0.101264	347.992
239.2000	-0.0471568	348.145
239.1000	-0.00052592	348.294
239.0000	0.111602	348.441
238.9000	0.228591	348.592
238.8000	0.303179	348.75
238.7000	0.236678	348.907
238.6000	-0.015269	349.05
238.5000	-0.0702433	349.191
238.4000	-0.175684	349.332
238.3000	-0.327019	349.474
238.2000	-0.564515	349.624
238.1000	-0.641198	349.78
238.0000	-0.676694	349.938
237.9000	-0.560719	350.097
237.8000	-0.358034	350.255
237.7000	-0.378251	350.417
237.6000	-0.541783	350.584
237.5000	-0.710594	350.753
237.4000	-0.807912	350.919
237.3000	-0.963253	351.084
237.2000	-1.15143	351.25
237.1000	-1.23746	351.414
237.0000	-1.36938	351.581
236.9000	-1.50686	351.748
236.8000	-1.467	351.919
236.7000	-1.45852	352.088
236.6000	-1.3904	352.254
236.5000	-1.25889	352.424
236.4000	-1.11346	352.595
236.3000	-1.1127	352.771
236.2000	-1.16392	352.951
236.1000	-1.13212	353.133
236.0000	-1.13158	353.311
235.9000	-1.16825	353.482
235.8000	-1.21307	353.66
235.7000	-1.30685	353.837
235.6000	-1.37372	354.016
235.5000	-1.38805	354.2
235.4000	-1.36495	354.388
235.3000	-1.33879	354.572
235.2000	-1.14946	354.763
235.1000	-1.01488	354.965
235.0000	-0.943616	355.168
234.9000	-0.868357	355.364
234.8000	-0.933396	355.557
234.7000	-0.942934	355.758
234.6000	-0.895414	355.949
234.5000	-0.923357	356.147
234.4000	-1.01286	356.349
234.3000	-1.2078	356.537
234.2000	-1.31894	356.721
234.1000	-1.41238	356.913
234.0000	-1.36651	357.109
233.9000	-1.36617	357.3
233.8000	-1.40626	357.495
233.7000	-1.32873	357.698
233.6000	-1.4075	357.889
233.5000	-1.47696	358.092
233.4000	-1.39246	358.3
233.3000	-1.30213	358.509
233.2000	-1.39814	358.726
233.1000	-1.54178	358.932
233.0000	-1.55417	359.143
232.9000	-1.53385	359.35
232.8000	-1.48763	359.562
232.7000	-1.3566	359.778
232.6000	-1.31005	359.993
232.5000	-1.29963	360.208
232.4000	-1.35397	360.421
232.3000	-1.18061	360.644
232.2000	-1.02519	360.862
232.1000	-1.11841	361.082
232.0000	-1.22967	361.298
231.9000	-1.39436	361.512
231.8000	-1.55093	361.721
231.7000	-1.66249	361.935
231.6000	-1.69818	362.15
231.5000	-1.90303	362.358
231.4000	-2.129	362.575
231.3000	-2.21858	362.79
231.2000	-2.29142	363.007
231.1000	-2.22523	363.227
231.0000	-2.22649	363.448
230.9000	-2.23383	363.672
230.8000	-2.31521	363.892
230.7000	-2.19426	364.119
230.6000	-2.20028	364.34
230.5000	-2.31306	364.565
230.4000	-2.32361	364.793
230.3000	-2.30848	365.024
230.2000	-2.23098	365.255
230.1000	-2.22081	365.491
230.0000	-2.21398	365.726
229.9000	-2.23359	365.953
229.8000	-2.19361	366.182
229.7000	-2.15908	366.405
229.6000	-2.15957	366.626
229.5000	-2.15479	366.838
229.4000	-2.10414	367.041
229.3000	-2.1922	367.239
229.2000	-2.19172	367.426
229.1000	-2.02923	367.619
229.0000	-2.01586	367.818
228.9000	-1.97127	368.02
228.8000	-1.86994	368.225
228.7000	-2.02441	368.441
228.6000	-2.10913	368.672
228.5000	-2.26954	368.908
228.4000	-2.15623	369.161
228.3000	-2.26408	369.42
228.2000	-2.35492	369.677
228.1000	-2.39435	369.942
228.0000	-2.40475	370.206
227.9000	-2.37973	370.466
227.8000	-2.41443	370.718
227.7000	-2.47203	370.973
227.6000	-2.58381	371.221
227.5000	-2.72634	371.465
227.4000	-2.75917	371.71
227.3000	-2.66956	371.957
227.2000	-2.55635	372.201
227.1000	-2.45447	372.443
227.0000	-2.48568	372.685
226.9000	-2.5221	372.92
226.8000	-2.55577	373.159
226.7000	-2.61808	373.398
226.6000	-2.78788	373.632
226.5000	-2.90797	373.862
226.4000	-2.9504	374.09
226.3000	-3.11372	374.31
226.2000	-3.17678	374.536
226.1000	-3.12523	374.763
226.0000	-3.05369	374.987
225.9000	-2.94187	375.211
225.8000	-2.71629	375.435
225.7000	-2.6356	375.658
225.6000	-2.78148	375.878
225.5000	-2.92783	376.104
225.4000	-2.92023	376.331
225.3000	-2.92389	376.561
225.2000	-3.06025	376.789
225.1000	-3.18043	377.02
225.0000	-3.25349	377.251
224.9000	-3.17453	377.485
224.8000	-3.0249	377.716
224.7000	-3.00175	377.944
224.6000	-3.10426	378.17
224.5000	-3.05895	378.398
224.4000	-2.9575	378.628
224.3000	-2.88224	378.856
224.2000	-2.86212	379.084
224.1000	-2.91973	379.313
224.0000	-3.00611	379.548
223.9000	-2.93303	379.785
223.8000	-2.62849	380.026
223.7000	-2.69975	380.26
223.6000	-2.81713	380.492
223.5000	-2.81779	380.729
223.4000	-2.85601	380.964
223.3000	-2.94296	381.191
223.2000	-3.06207	381.414
223.1000	-3.31608	381.635
223.0000	-3.65637	381.858
222.9000	-3.83137	382.084
222.8000	-3.87147	382.313
222.7000	-3.77524	382.546
222.6000	-3.76821	382.772
222.5000	-3.74926	383.007
222.4000	-3.70131	383.24
222.3000	-3.45388	383.478
222.2000	-3.11974	383.718
222.1000	-2.81984	383.956
222.0000	-2.67572	384.19
221.9000	-2.6498	384.412
221.8000	-2.64803	384.639
221.7000	-2.61201	384.869
221.6000	-2.48627	385.102
221.5000	-2.52863	385.337
221.4000	-2.60857	385.56
221.3000	-2.78465	385.781
221.2000	-2.9118	386.007
221.1000	-2.94217	386.24
221.0000	-2.86287	386.471
220.9000	-2.78256	386.698
220.8000	-2.69884	386.927
220.7000	-2.61082	387.148
220.6000	-2.65145	387.377
220.5000	-2.66218	387.611
220.4000	-2.674	387.833
220.3000	-2.73153	388.058
220.2000	-2.81179	388.284
220.1000	-2.97988	388.507
220.0000	-3.1371	388.733
219.9000	-3.30281	388.97
219.8000	-3.44086	389.202
219.7000	-3.63909	389.428
219.6000	-3.66026	389.66
219.5000	-3.63848	389.897
219.4000	-3.72486	390.138
219.3000	-3.66798	390.377
219.2000	-3.64877	390.62
219.1000	-3.64238	390.858
219.0000	-3.77904	391.098
218.9000	-3.54883	391.344
218.8000	-3.28238	391.595
218.7000	-3.02191	391.836
218.6000	-2.96066	392.075
218.5000	-2.93364	392.31
218.4000	-2.78901	392.553
218.3000	-2.67582	392.786
218.2000	-2.5103	393.02
218.1000	-2.46849	393.249
218.0000	-2.55361	393.479
217.9000	-2.81698	393.707
217.8000	-2.93271	393.934
217.7000	-2.93256	394.17
217.6000	-2.95518	394.396
217.5000	-3.12453	394.631
217.4000	-3.17242	394.863
217.3000	-3.25136	395.097
217.2000	-3.39676	395.333
217.1000	-3.44919	395.568
217.0000	-3.47488	395.803
216.9000	-3.46309	396.042
216.8000	-3.54868	396.284
216.7000	-3.65624	396.518
216.6000	-3.63302	396.76
216.5000	-3.49789	397.002
216.4000	-3.38115	397.243
216.3000	-3.25372	397.483
216.2000	-3.115	397.736
216.1000	-3.1237	397.982
216.0000	-3.13857	398.224
215.9000	-3.16077	398.465
215.8000	-3.07696	398.703
215.7000	-3.21551	398.945
215.6000	-3.45826	399.188
215.5000	-3.48663	399.439
215.4000	-3.46749	399.685
215.3000	-3.21344	399.932
215.2000	-3.04973	400.176
215.1000	-3.05894	400.429
215.0000	-3.2583	400.683
214.9000	-3.268	400.936
214.8000	-3.01463	401.194
214.7000	-2.92373	401.453
214.6000	-2.98971	401.71
214.5000	-3.13535	401.966
214.4000	-3.25934	402.219
214.3000	-3.27358	402.477
214.2000	-3.1736	402.738
214.1000	-3.02913	402.999
214.0000	-3.04758	403.256
213.9000	-3.17096	403.514
213.8000	-3.09175	403.778
213.7000	-3.01709	404.044
213.6000	-2.87617	404.32
213.5000	-2.80808	404.597
213.4000	-2.64234	404.865
213.3000	-2.55889	405.141
213.2000	-2.58813	405.416
213.1000	-2.69124	405.692
213.0000	-2.52077	405.97
212.9000	-2.42239	406.25
212.8000	-2.62341	406.52
212.7000	-2.75879	406.795
212.6000	-2.80935	407.085
212.5000	-2.8983	407.369
212.4000	-3.05515	407.652
212.3000	-3.20641	407.935
212.2000	-3.34672	408.221
212.1000	-3.55933	408.511
212.0000	-3.60579	408.809
211.9000	-3.378	409.117
211.8000	-3.33905	409.418
211.7000	-3.38266	409.721
211.6000	-3.36556	410.033
211.5000	-3.0865	410.352
211.4000	-2.88417	410.669
211.3000	-2.84258	410.983
211.2000	-2.75102	411.294
211.1000	-2.63663	411.609
211.0000	-2.66185	411.928
210.9000	-2.58724	412.248
210.8000	-2.51491	412.566
210.7000	-2.50016	412.889
210.6000	-2.39553	413.211
210.5000	-2.44257	413.537
210.4000	-2.3112	413.867
210.3000	-2.52815	414.196
210.2000	-2.84212	414.516
210.1000	-3.09633	414.843
210.0000	-3.2578	415.177
209.9000	-3.51614	415.506
209.8000	-3.79598	415.835
209.7000	-3.88201	416.173
209.6000	-4.05908	416.513
209.5000	-4.28621	416.858
209.4000	-4.24166	417.205
209.3000	-4.16899	417.552
209.2000	-4.20506	417.903
209.1000	-4.15807	418.254
209.0000	-4.12323	418.612
208.9000	-4.06818	418.972
208.8000	-3.81064	419.334
208.7000	-3.48948	419.695
208.6000	-3.22261	420.067
208.5000	-3.04187	420.445
208.4000	-3.13843	420.814
208.3000	-3.1484	421.189
208.2000	-3.17892	421.568
208.1000	-3.40869	421.946
208.0000	-3.70582	422.322
207.9000	-3.83952	422.707
207.8000	-3.97535	423.092
207.7000	-4.21382	423.471
207.6000	-4.16843	423.857
207.5000	-3.82209	424.247
207.4000	-3.83351	424.631
207.3000	-3.60601	425.018
207.2000	-3.35143	425.404
207.1000	-3.36894	425.785
207.0000	-3.38367	426.169
206.9000	-3.4684	426.548
206.8000	-3.35028	426.932
206.7000	-3.42649	427.317
206.6000	-3.37597	427.707
206.5000	-3.25323	428.098
206.4000	-3.07066	428.499
206.3000	-3.06714	428.899
206.2000	-3.06377	429.29
206.1000	-3.11622	429.677
206.0000	-3.21544	430.069
205.9000	-3.18834	430.469
205.8000	-3.21372	430.866
205.7000	-3.33203	431.268
205.6000	-3.38131	431.668
205.5000	-3.50512	432.071
205.4000	-3.48924	432.478
205.3000	-3.36079	432.9
205.2000	-2.97285	433.33
205.1000	-2.90333	433.753
205.0000	-2.78879	434.177
204.9000	-2.59783	434.606
204.8000	-2.38882	435.035
204.7000	-2.15802	435.467
204.6000	-2.18732	435.899
204.5000	-1.93733	436.334
204.4000	-1.79166	436.768
204.3000	-1.62277	437.214
204.2000	-1.43603	437.662
204.1000	-1.3144	438.106
204.0000	-1.20712	438.552
203.9000	-1.31144	438.994
203.8000	-1.25937	439.45
203.7000	-1.43886	439.909
203.6000	-1.88869	440.363
203.5000	-1.99106	440.82
203.4000	-2.0221	441.285
203.3000	-2.12062	441.76
203.2000	-2.19917	442.246
203.1000	-2.08849	442.744
203.0000	-2.07344	443.244
202.9000	-1.88614	443.747
202.8000	-1.53665	444.26
202.7000	-1.16526	444.782
202.6000	-0.879367	445.299
202.5000	-0.838089	445.813
202.4000	-0.974446	446.325
202.3000	-0.963957	446.85
202.2000	-0.699312	447.382
202.1000	-0.231295	447.914
202.0000	0.186276	448.455
201.9000	0.413697	449.006
201.8000	0.566465	449.56
201.7000	0.715154	450.124
201.6000	0.868163	450.698
201.5000	1.06929	451.273
201.4000	1.06498	451.851
201.3000	0.812329	452.436
201.2000	0.412772	453.024
201.1000	0.168562	453.612
201.0000	-0.0108714	454.211
200.9000	0.122152	454.827
200.8000	0.272808	455.446
200.7000	0.375648	456.074
200.6000	0.489507	456.716
200.5000	0.626974	457.368
200.4000	0.705842	458.038
200.3000	0.801308	458.721
200.2000	0.886314	459.415
200.1000	0.835054	460.108
200.0000	0.949919	460.819
199.9000	0.872271	461.531
199.8000	1.09576	462.253
199.7000	1.38166	462.976
199.6000	1.70333	463.711
199.5000	2.19406	464.452
199.4000	2.36949	465.194
199.3000	2.48023	465.944
199.2000	2.44615	466.706
199.1000	2.52949	467.486
199.0000	2.43174	468.285
198.9000	2.36443	469.106
198.8000	2.35427	469.951
198.7000	2.28515	470.817
198.6000	2.46575	471.71
198.5000	2.65476	472.624
198.4000	3.09413	473.564
198.3000	3.40232	474.524
198.2000	3.62655	475.514
198.1000	3.65379	476.529
198.0000	3.75265	477.577
197.9000	3.92025	478.652
197.8000	4.06899	479.767
197.7000	4.01551	480.92
197.6000	3.95913	482.097
197.5000	4.06737	483.297
197.4000	4.13717	484.509
197.3000	4.49021	485.726
197.2000	4.66247	486.934
197.1000	4.60119	488.122
197.0000	4.6378	489.307
196.9000	5.0712	490.497
196.8000	5.65346	491.694
196.7000	6.06608	492.91
196.6000	6.35771	494.155
196.5000	6.67698	495.433
196.4000	6.69048	496.77
196.3000	7.06919	498.187
196.2000	7.46177	499.679
196.1000	7.01951	501.221
196.0000	6.86343	502.848
195.9000	6.72117	504.571
195.8000	6.70258	506.388
195.7000	6.69123	508.331
195.6000	6.84789	510.4
195.5000	6.82517	512.589
195.4000	6.23757	514.886
195.3000	6.48978	517.311
195.2000	6.58009	519.816
195.1000	6.30625	522.375
195.0000	6.39824	524.947
194.9000	6.09408	527.456
194.8000	5.7947	529.866
194.7000	5.83355	532.157
194.6000	6.3118	534.345
194.5000	6.41229	536.425
194.4000	6.5761	538.443
194.3000	7.16599	540.434
194.2000	8.11892	542.467
194.1000	9.23874	544.609
194.0000	9.65356	546.891
193.9000	10.0696	549.402
193.8000	10.0488	552.159
193.7000	9.91237	555.197
193.6000	10.0928	558.55
193.5000	10.0052	562.257
193.4000	9.34958	566.335
193.3000	8.18091	570.799
193.2000	7.99304	575.662
193.1000	7.33695	580.865
193.0000	7.55119	586.375
192.9000	7.83748	592.083
192.8000	8.03338	597.883
192.7000	8.77989	603.62
192.6000	9.4971	609.051
192.5000	10.2725	614.057
192.4000	9.66465	618.57
192.3000	9.34709	622.647
192.2000	9.67813	626.318
192.1000	9.1491	629.634
192.0000	9.19948	632.746
191.9000	8.88801	635.804
191.8000	7.4394	639.06
191.7000	6.2513	642.782
191.6000	6.55765	647.109
191.5000	8.22627	652.08
191.4000	9.38865	657.674
191.3000	10.4317	663.976
191.2000	10.8702	671.012
191.1000	11.4935	678.801
191.0000	12.3106	687.279
190.9000	12.9101	696.328
190.8000	13.0634	705.799
190.7000	13.6925	715.664
190.6000	15.6069	725.768
190.5000	18.141	735.867
190.4000	19.737	745.588
190.3000	18.323	754.657
190.2000	15.1066	762.964
190.1000	13.1472	770.575
190.0000	14.1587	777.588

##### Extended Information
[Comments]
Sample name	ACE2_D2_0.1uM
Comment
User
Division
Company	CSIR-IMTECH

[Detailed Information]
Creation date	2/26/2024 3:16 PM

Data array type	Linear data array * 2
Horizontal axis	Wavelength [nm]
Vertical axis(1)	CD [mdeg]
Vertical axis(2)	HT [V]
Start	350 nm
End	190 nm
Data interval	0.1 nm
Data points	1601    

[Measurement Information]
Instrument Name	JASCO CD
Model Name	J-815
Serial No.	B063061168

Accessory	PTC-423S
Accessory S/N	C013945-01
  Temperature	37.32 C
  Control Sonsor	Cell
  Monitor Sensor	Cell
  Start Mode	Start immediately
  Cell Length	10 mm

Measurement date	2/26/2024 3:16 PM

Photometric Mode	CD, HT
Measure Range	350 - 190 nm
Data pitch	0.1 nm
Sensitivity	Standard
D.I.T.	1 sec
Bandwidth	1.00 nm
Start Mode	Immediately
Scanning Speed	50 nm/min
Baseline Correction	Baseline
Shutter Control	Manual
CD Detector	PMT
PMT Voltage	Auto
Accumulations	3
Concentration	0.1 umol/L

