TITLE	ACE2_D2_0.4uM
DATA TYPE	
ORIGIN	JASCO
OWNER	
DATE	24/02/26
TIME	16:12:19
SPECTROMETER/DATA SYSTEM	
LOCALE	1033
RESOLUTION	
DELTAX	-0.1
XUNITS	NANOMETERS
YUNITS	CD [mdeg]
Y2UNITS	HT [V]
FIRSTX	  350.0000
LASTX	  190.0000
NPOINTS	    1601
FIRSTY	     0.66107
MAXY	    10.81893
MINY	    -3.40209
XYDATA
350.0000	0.661067	468.711
349.9000	0.626205	468.141
349.8000	0.558735	467.298
349.7000	0.716	466.452
349.6000	0.690159	465.839
349.5000	0.213473	465.289
349.4000	-0.20619	464.421
349.3000	-0.762889	463.803
349.2000	-0.903215	463.28
349.1000	-1.00223	462.465
349.0000	-0.974676	461.851
348.9000	-1.4395	461.292
348.8000	-1.85028	460.438
348.7000	-1.8765	459.578
348.6000	-1.67312	458.968
348.5000	-1.36911	458.447
348.4000	-0.973972	457.611
348.3000	-0.94524	456.982
348.2000	-0.723631	456.438
348.1000	-0.411242	455.617
348.0000	-0.21195	455.008
347.9000	0.0113708	454.475
347.8000	0.221071	453.678
347.7000	0.360605	452.867
347.6000	0.468761	452.288
347.5000	0.582156	451.799
347.4000	0.583195	451.013
347.3000	0.687632	450.423
347.2000	0.764439	449.913
347.1000	0.995607	449.146
347.0000	1.01361	448.568
346.9000	0.687668	448.062
346.8000	0.406127	447.29
346.7000	0.198255	446.513
346.6000	-0.122058	445.938
346.5000	-0.522681	445.2
346.4000	-0.96269	444.456
346.3000	-1.19344	443.901
346.2000	-1.39987	443.173
346.1000	-1.44214	442.429
346.0000	-1.26822	441.895
345.9000	-1.18289	441.438
345.8000	-0.995579	440.718
345.7000	-1.03414	440.185
345.6000	-0.933561	439.727
345.5000	-0.763415	439.039
345.4000	-0.536779	438.532
345.3000	-0.585684	438.093
345.2000	-0.610937	437.404
345.1000	-0.585227	436.694
345.0000	-0.576406	436.174
344.9000	-0.487631	435.495
344.8000	-0.370409	434.799
344.7000	-0.271929	434.266
344.6000	-0.271694	433.6
344.5000	-0.211423	432.931
344.4000	-0.134751	432.439
344.3000	-0.0671305	431.797
344.2000	-0.031605	431.144
344.1000	-0.0327372	430.655
344.0000	0.105304	430.031
343.9000	0.354774	429.4
343.8000	0.374355	428.924
343.7000	0.533338	428.507
343.6000	0.61046	427.873
343.5000	0.392476	427.402
343.4000	0.215591	427.003
343.3000	0.165606	426.373
343.2000	-0.0465556	425.909
343.1000	-0.409094	425.504
343.0000	-0.747456	424.914
342.9000	-0.965402	424.316
342.8000	-1.02693	423.875
342.7000	-1.06706	423.275
342.6000	-0.766194	422.674
342.5000	-0.622913	422.233
342.4000	-0.305774	421.689
342.3000	-0.017097	421.136
342.2000	0.176797	420.713
342.1000	0.127523	420.157
342.0000	-0.223025	419.586
341.9000	-0.426765	419.18
341.8000	-0.455927	418.652
341.7000	-0.576989	418.112
341.6000	-0.694766	417.705
341.5000	-0.723816	417.161
341.4000	-0.65898	416.606
341.3000	-0.481897	416.191
341.2000	-0.357301	415.657
341.1000	-0.204326	415.116
341.0000	-0.255345	414.715
340.9000	-0.466139	414.178
340.8000	-0.735751	413.628
340.7000	-0.95887	413.22
340.6000	-1.06128	412.719
340.5000	-1.22603	412.21
340.4000	-1.16536	411.835
340.3000	-1.11329	411.325
340.2000	-1.00636	410.803
340.1000	-0.746707	410.426
340.0000	-0.512363	409.951
339.9000	-0.284541	409.459
339.8000	-0.16492	409.08
339.7000	-0.0447876	408.598
339.6000	0.0769185	408.104
339.5000	0.303257	407.749
339.4000	0.471252	407.287
339.3000	0.424976	406.806
339.2000	0.36453	406.279
339.1000	0.395733	405.815
339.0000	0.351174	405.347
338.9000	0.261705	404.832
338.8000	0.274106	404.375
338.7000	0.231362	403.913
338.6000	0.345003	403.402
338.5000	0.538189	402.947
338.4000	0.723266	402.611
338.3000	0.747088	402.202
338.2000	0.72304	401.785
338.1000	0.730522	401.479
338.0000	0.853752	401.068
337.9000	0.714903	400.646
337.8000	0.419657	400.348
337.7000	0.219503	399.958
337.6000	-0.0105804	399.561
337.5000	-0.204786	399.259
337.4000	-0.287501	398.847
337.3000	-0.427136	398.423
337.2000	-0.63062	397.966
337.1000	-0.679459	397.564
337.0000	-0.656234	397.157
336.9000	-0.646441	396.724
336.8000	-0.723807	396.339
336.7000	-0.805073	395.943
336.6000	-0.870065	395.517
336.5000	-0.909379	395.138
336.4000	-0.868479	394.868
336.3000	-0.838747	394.502
336.2000	-0.847492	394.127
336.1000	-0.744856	393.849
336.0000	-0.747936	393.492
335.9000	-0.633264	393.121
335.8000	-0.611223	392.706
335.7000	-0.643564	392.335
335.6000	-0.631959	391.959
335.5000	-0.731247	391.558
335.4000	-0.710954	391.207
335.3000	-0.569703	390.853
335.2000	-0.422116	390.474
335.1000	-0.353943	390.134
335.0000	-0.252426	389.905
334.9000	0.0226685	389.589
334.8000	0.180182	389.258
334.7000	0.294207	388.892
334.6000	0.299407	388.565
334.5000	0.176712	388.23
334.4000	0.0504344	387.853
334.3000	0.117849	387.518
334.2000	0.082309	387.174
334.1000	-0.11242	386.795
334.0000	-0.210721	386.465
333.9000	-0.151532	386.231
333.8000	0.113936	385.926
333.7000	0.224193	385.605
333.6000	0.0871653	385.239
333.5000	-0.116831	384.912
333.4000	-0.272349	384.58
333.3000	-0.213935	384.233
333.2000	-0.180634	383.928
333.1000	-0.193759	383.618
333.0000	-0.334087	383.284
332.9000	-0.594725	382.983
332.8000	-0.60696	382.654
332.7000	-0.441863	382.376
332.6000	-0.323076	382.092
332.5000	-0.334599	381.775
332.4000	-0.275211	381.498
332.3000	-0.146629	381.214
332.2000	0.0746785	380.9
332.1000	0.192745	380.614
332.0000	0.373734	380.293
331.9000	0.310025	380.013
331.8000	0.283195	379.728
331.7000	0.255549	379.42
331.6000	0.254025	379.143
331.5000	0.148769	378.742
331.4000	-0.175391	378.413
331.3000	-0.420895	378.116
331.2000	-0.57899	377.819
331.1000	-0.628492	377.563
331.0000	-0.562813	377.298
330.9000	-0.535291	377.008
330.8000	-0.515341	376.747
330.7000	-0.498537	376.462
330.6000	-0.352884	376.218
330.5000	-0.0927938	375.976
330.4000	0.119471	375.693
330.3000	0.0750966	375.43
330.2000	-0.0306254	375.071
330.1000	-0.0513621	374.782
330.0000	-0.0243785	374.526
329.9000	-0.017807	374.229
329.8000	-0.132565	373.968
329.7000	-0.210384	373.619
329.6000	-0.279917	373.346
329.5000	-0.209529	373.117
329.4000	-0.163319	372.843
329.3000	-0.18866	372.6
329.2000	-0.242377	372.263
329.1000	-0.229447	372.013
329.0000	-0.280919	371.803
328.9000	-0.388423	371.55
328.8000	-0.369823	371.322
328.7000	-0.441854	371.019
328.6000	-0.400131	370.796
328.5000	-0.368456	370.611
328.4000	-0.373596	370.359
328.3000	-0.317324	370.132
328.2000	-0.283734	369.873
328.1000	-0.122898	369.693
328.0000	-0.0881439	369.545
327.9000	-0.076001	369.272
327.8000	-0.131683	369.011
327.7000	-0.187248	368.759
327.6000	-0.286649	368.609
327.5000	-0.374572	368.506
327.4000	-0.405226	368.224
327.3000	-0.370276	367.936
327.2000	-0.32189	367.651
327.1000	-0.316138	367.491
327.0000	-0.230599	367.394
326.9000	-0.103193	367.12
326.8000	-0.0984446	366.816
326.7000	-0.02317	366.529
326.6000	0.0285472	366.386
326.5000	-0.0956289	366.314
326.4000	-0.299608	366.034
326.3000	-0.446952	365.735
326.2000	-0.659006	365.466
326.1000	-0.747119	365.318
326.0000	-0.532148	365.032
325.9000	-0.458313	364.724
325.8000	-0.524231	364.402
325.7000	-0.470484	364.128
325.6000	-0.406756	364.002
325.5000	-0.312385	363.736
325.4000	-0.17915	363.442
325.3000	-0.127668	363.129
325.2000	-0.125697	363.013
325.1000	-0.13925	362.979
325.0000	-0.184825	362.747
324.9000	-0.203607	362.472
324.8000	-0.195919	362.205
324.7000	-0.145148	362.102
324.6000	-0.0417155	362.079
324.5000	-0.0989756	361.835
324.4000	-0.20978	361.548
324.3000	-0.304717	361.267
324.2000	-0.294527	361.127
324.1000	-0.217884	360.864
324.0000	-0.199126	360.569
323.9000	-0.340042	360.245
323.8000	-0.496452	359.936
323.7000	-0.492181	359.783
323.6000	-0.401556	359.546
323.5000	-0.412624	359.284
323.4000	-0.467928	359.03
323.3000	-0.45924	358.926
323.2000	-0.408454	358.89
323.1000	-0.391163	358.704
323.0000	-0.298626	358.5
322.9000	-0.328395	358.261
322.8000	-0.369999	358.132
322.7000	-0.353881	357.89
322.6000	-0.325838	357.616
322.5000	-0.254337	357.317
322.4000	-0.244263	357.016
322.3000	-0.316869	356.812
322.2000	-0.289915	356.474
322.1000	-0.174314	356.146
322.0000	-0.140367	355.836
321.9000	-0.11421	355.647
321.8000	-0.121171	355.407
321.7000	-0.123022	355.17
321.6000	-0.194682	354.93
321.5000	-0.119081	354.697
321.4000	-0.0332937	354.61
321.3000	-0.0541606	354.489
321.2000	-0.0375254	354.359
321.1000	-0.117171	354.19
321.0000	-0.26514	354.115
320.9000	-0.354226	353.972
320.8000	-0.489335	353.824
320.7000	-0.539487	353.665
320.6000	-0.581269	353.501
320.5000	-0.606212	353.412
320.4000	-0.642125	353.219
320.3000	-0.606854	353.043
320.2000	-0.459058	352.854
320.1000	-0.275027	352.745
320.0000	-0.165289	352.588
319.9000	-0.0164612	352.442
319.8000	0.05678	352.247
319.7000	0.0383972	352.043
319.6000	0.00719808	351.849
319.5000	-0.108926	351.702
319.4000	-0.222566	351.564
319.3000	-0.356634	351.373
319.2000	-0.474986	351.243
319.1000	-0.534217	351.052
319.0000	-0.633372	350.887
318.9000	-0.613785	350.687
318.8000	-0.574763	350.547
318.7000	-0.516271	350.322
318.6000	-0.323987	350.091
318.5000	-0.155033	349.873
318.4000	-0.0794525	349.668
318.3000	-0.0933055	349.472
318.2000	-0.120055	349.309
318.1000	-0.1079	349.181
318.0000	-0.0702433	349.011
317.9000	-0.0696971	348.919
317.8000	-0.137364	348.804
317.7000	-0.261959	348.704
317.6000	-0.404771	348.537
317.5000	-0.430223	348.409
317.4000	-0.480352	348.238
317.3000	-0.480431	348.06
317.2000	-0.513906	347.857
317.1000	-0.475635	347.667
317.0000	-0.396126	347.439
316.9000	-0.375699	347.226
316.8000	-0.303308	347.028
316.7000	-0.214988	346.851
316.6000	-0.089268	346.685
316.5000	-0.0916941	346.533
316.4000	-0.093632	346.362
316.3000	-0.163336	346.21
316.2000	-0.223622	346.082
316.1000	-0.272183	345.988
316.0000	-0.358334	345.922
315.9000	-0.373594	345.789
315.8000	-0.474755	345.669
315.7000	-0.531265	345.51
315.6000	-0.578078	345.395
315.5000	-0.61509	345.228
315.4000	-0.605156	345.084
315.3000	-0.546639	344.873
315.2000	-0.502635	344.65
315.1000	-0.534079	344.443
315.0000	-0.387801	344.267
314.9000	-0.229702	344.103
314.8000	-0.170145	343.955
314.7000	-0.11433	343.798
314.6000	-0.152092	343.664
314.5000	-0.24188	343.542
314.4000	-0.194002	343.449
314.3000	-0.101964	343.31
314.2000	-0.121199	343.179
314.1000	-0.196726	343.027
314.0000	-0.220483	342.879
313.9000	-0.197468	342.701
313.8000	-0.246242	342.54
313.7000	-0.180105	342.328
313.6000	-0.139736	342.12
313.5000	-0.155813	341.927
313.4000	-0.255629	341.755
313.3000	-0.349802	341.602
313.2000	-0.424758	341.458
313.1000	-0.512561	341.301
313.0000	-0.552907	341.169
312.9000	-0.574876	341.056
312.8000	-0.608511	340.97
312.7000	-0.544554	340.839
312.6000	-0.546432	340.712
312.5000	-0.492102	340.557
312.4000	-0.404046	340.398
312.3000	-0.326786	340.212
312.2000	-0.299998	340.04
312.1000	-0.282723	339.819
312.0000	-0.289346	339.601
311.9000	-0.358507	339.395
311.8000	-0.312005	339.206
311.7000	-0.348021	339.047
311.6000	-0.460329	338.84
311.5000	-0.39798	338.692
311.4000	-0.342348	338.544
311.3000	-0.25396	338.45
311.2000	-0.125015	338.328
311.1000	-0.0511617	338.24
311.0000	-0.039446	338.148
310.9000	0.0120819	338.061
310.8000	0.205125	337.956
310.7000	0.16989	337.869
310.6000	0.15426	337.752
310.5000	0.209942	337.646
310.4000	0.131773	337.54
310.3000	0.0607422	337.454
310.2000	0.0403534	337.376
310.1000	0.0331899	337.3
310.0000	-0.0495158	337.214
309.9000	-0.029248	337.149
309.8000	-0.0591695	337.097
309.7000	-0.161927	336.99
309.6000	-0.204532	336.908
309.5000	-0.20615	336.814
309.4000	-0.211355	336.724
309.3000	-0.173268	336.566
309.2000	-0.0672323	336.448
309.1000	-0.112518	336.301
309.0000	-0.160188	336.163
308.9000	-0.163062	336.032
308.8000	-0.156328	335.926
308.7000	-0.128295	335.828
308.6000	-0.0991669	335.739
308.5000	-0.135284	335.631
308.4000	-0.254835	335.539
308.3000	-0.234227	335.48
308.2000	-0.179774	335.358
308.1000	-0.142356	335.272
308.0000	-0.129574	335.185
307.9000	-0.089031	335.108
307.8000	-0.10698	334.952
307.7000	-0.204919	334.841
307.6000	-0.273438	334.729
307.5000	-0.269214	334.559
307.4000	-0.270529	334.441
307.3000	-0.338213	334.348
307.2000	-0.330415	334.265
307.1000	-0.426685	334.112
307.0000	-0.540903	334.011
306.9000	-0.508353	333.941
306.8000	-0.383906	333.894
306.7000	-0.33322	333.819
306.6000	-0.373086	333.747
306.5000	-0.383125	333.677
306.4000	-0.301436	333.541
306.3000	-0.181799	333.453
306.2000	-0.0191294	333.356
306.1000	-0.0422221	333.256
306.0000	-0.0940786	333.104
305.9000	-0.182596	333.003
305.8000	-0.23555	332.93
305.7000	-0.187286	332.8
305.6000	-0.231117	332.715
305.5000	-0.38222	332.651
305.4000	-0.533955	332.61
305.3000	-0.519052	332.51
305.2000	-0.42729	332.445
305.1000	-0.337625	332.385
305.0000	-0.240572	332.264
304.9000	-0.246898	332.188
304.8000	-0.26317	332.106
304.7000	-0.118925	332.024
304.6000	-0.0142375	331.895
304.5000	0.00024821	331.806
304.4000	-0.0505452	331.741
304.3000	-0.115707	331.62
304.2000	-0.197865	331.547
304.1000	-0.197507	331.497
304.0000	-0.176294	331.464
303.9000	-0.19686	331.373
303.8000	-0.27113	331.302
303.7000	-0.320791	331.257
303.6000	-0.333153	331.152
303.5000	-0.362911	331.086
303.4000	-0.336679	331.018
303.3000	-0.300837	330.909
303.2000	-0.360315	330.799
303.1000	-0.46943	330.722
303.0000	-0.595728	330.673
302.9000	-0.622179	330.571
302.8000	-0.707078	330.5
302.7000	-0.738277	330.454
302.6000	-0.762201	330.365
302.5000	-0.841584	330.312
302.4000	-0.803838	330.266
302.3000	-0.685733	330.176
302.2000	-0.602893	330.086
302.1000	-0.568134	330.007
302.0000	-0.618802	329.952
301.9000	-0.503047	329.864
301.8000	-0.440944	329.799
301.7000	-0.451396	329.748
301.6000	-0.447629	329.658
301.5000	-0.451872	329.608
301.4000	-0.428329	329.569
301.3000	-0.352449	329.5
301.2000	-0.297712	329.438
301.1000	-0.237343	329.384
301.0000	-0.256647	329.358
300.9000	-0.191031	329.292
300.8000	-0.158289	329.228
300.7000	-0.114834	329.174
300.6000	-0.112397	329.097
300.5000	-0.111553	329.034
300.4000	-0.0872274	328.991
300.3000	-0.13844	328.913
300.2000	-0.124065	328.837
300.1000	-0.124627	328.78
300.0000	-0.164464	328.718
299.9000	-0.264153	328.666
299.8000	-0.364687	328.618
299.7000	-0.45268	328.554
299.6000	-0.49182	328.497
299.5000	-0.448482	328.443
299.4000	-0.447932	328.404
299.3000	-0.453389	328.338
299.2000	-0.453971	328.287
299.1000	-0.376691	328.251
299.0000	-0.302267	328.187
298.9000	-0.272378	328.14
298.8000	-0.282407	328.106
298.7000	-0.268178	328.05
298.6000	-0.259983	328.001
298.5000	-0.307544	327.957
298.4000	-0.359328	327.899
298.3000	-0.323805	327.849
298.2000	-0.304857	327.8
298.1000	-0.247124	327.747
298.0000	-0.169422	327.698
297.9000	-0.133729	327.658
297.8000	-0.144249	327.596
297.7000	-0.224482	327.543
297.6000	-0.244138	327.509
297.5000	-0.266479	327.45
297.4000	-0.351011	327.406
297.3000	-0.407604	327.373
297.2000	-0.453663	327.313
297.1000	-0.521145	327.266
297.0000	-0.585149	327.223
296.9000	-0.587911	327.164
296.8000	-0.521608	327.116
296.7000	-0.475167	327.077
296.6000	-0.471306	327.05
296.5000	-0.490762	327.005
296.4000	-0.47771	326.975
296.3000	-0.448127	326.957
296.2000	-0.480055	326.919
296.1000	-0.429837	326.892
296.0000	-0.363508	326.877
295.9000	-0.34539	326.842
295.8000	-0.381712	326.786
295.7000	-0.383415	326.751
295.6000	-0.380357	326.715
295.5000	-0.392556	326.657
295.4000	-0.369713	326.596
295.3000	-0.322729	326.562
295.2000	-0.293503	326.511
295.1000	-0.304319	326.454
295.0000	-0.314381	326.426
294.9000	-0.273224	326.383
294.8000	-0.334181	326.324
294.7000	-0.440534	326.29
294.6000	-0.432923	326.264
294.5000	-0.453185	326.222
294.4000	-0.507094	326.191
294.3000	-0.530163	326.166
294.2000	-0.470645	326.121
294.1000	-0.414894	326.09
294.0000	-0.371604	326.071
293.9000	-0.339582	326.029
293.8000	-0.312853	326.001
293.7000	-0.267842	325.983
293.6000	-0.251422	325.94
293.5000	-0.3282	325.889
293.4000	-0.417277	325.867
293.3000	-0.466786	325.832
293.2000	-0.465487	325.788
293.1000	-0.362065	325.777
293.0000	-0.28556	325.742
292.9000	-0.319517	325.7
292.8000	-0.467413	325.682
292.7000	-0.47637	325.662
292.6000	-0.438379	325.633
292.5000	-0.340765	325.585
292.4000	-0.396684	325.559
292.3000	-0.449642	325.517
292.2000	-0.564941	325.473
292.1000	-0.644577	325.451
292.0000	-0.628251	325.417
291.9000	-0.649038	325.373
291.8000	-0.637442	325.334
291.7000	-0.630413	325.325
291.6000	-0.588243	325.293
291.5000	-0.551008	325.255
291.4000	-0.560821	325.237
291.3000	-0.482149	325.194
291.2000	-0.423798	325.135
291.1000	-0.27407	325.077
291.0000	-0.205281	325.032
290.9000	-0.255627	324.96
290.8000	-0.273739	324.87
290.7000	-0.334465	324.777
290.6000	-0.255497	324.677
290.5000	-0.199818	324.555
290.4000	-0.178765	324.429
290.3000	-0.272172	324.32
290.2000	-0.348802	324.189
290.1000	-0.467112	324.055
290.0000	-0.491261	323.939
289.9000	-0.472464	323.863
289.8000	-0.442994	323.798
289.7000	-0.451401	323.756
289.6000	-0.436533	323.758
289.5000	-0.430039	323.796
289.4000	-0.384177	323.851
289.3000	-0.27111	323.938
289.2000	-0.214122	324.038
289.1000	-0.178085	324.154
289.0000	-0.189352	324.259
288.9000	-0.223801	324.359
288.8000	-0.259365	324.449
288.7000	-0.205276	324.527
288.6000	-0.196785	324.581
288.5000	-0.168886	324.628
288.4000	-0.156304	324.652
288.3000	-0.163535	324.667
288.2000	-0.267182	324.67
288.1000	-0.360418	324.663
288.0000	-0.415368	324.649
287.9000	-0.421424	324.615
287.8000	-0.405592	324.599
287.7000	-0.380525	324.579
287.6000	-0.430014	324.556
287.5000	-0.466376	324.53
287.4000	-0.428428	324.518
287.3000	-0.336185	324.499
287.2000	-0.378501	324.484
287.1000	-0.389302	324.467
287.0000	-0.374582	324.436
286.9000	-0.403967	324.42
286.8000	-0.386124	324.41
286.7000	-0.405523	324.401
286.6000	-0.410345	324.369
286.5000	-0.403077	324.358
286.4000	-0.311118	324.358
286.3000	-0.245378	324.356
286.2000	-0.249205	324.36
286.1000	-0.277273	324.345
286.0000	-0.268862	324.341
285.9000	-0.306232	324.337
285.8000	-0.304019	324.333
285.7000	-0.332486	324.321
285.6000	-0.370717	324.297
285.5000	-0.413685	324.295
285.4000	-0.433058	324.301
285.3000	-0.450366	324.303
285.2000	-0.530185	324.294
285.1000	-0.5322	324.277
285.0000	-0.483927	324.284
284.9000	-0.42458	324.288
284.8000	-0.401109	324.291
284.7000	-0.43877	324.284
284.6000	-0.469422	324.264
284.5000	-0.5122	324.266
284.4000	-0.448573	324.278
284.3000	-0.434206	324.29
284.2000	-0.391618	324.291
284.1000	-0.466441	324.278
284.0000	-0.436061	324.268
283.9000	-0.353309	324.277
283.8000	-0.278675	324.291
283.7000	-0.232529	324.295
283.6000	-0.273899	324.282
283.5000	-0.202392	324.279
283.4000	-0.200504	324.27
283.3000	-0.190032	324.283
283.2000	-0.145741	324.307
283.1000	-0.161191	324.31
283.0000	-0.140029	324.306
282.9000	-0.0565358	324.303
282.8000	0.0277669	324.309
282.7000	0.0460581	324.329
282.6000	0.0255127	324.349
282.5000	0.108571	324.365
282.4000	0.14354	324.366
282.3000	0.194329	324.372
282.2000	0.222986	324.376
282.1000	0.162274	324.397
282.0000	0.0470062	324.414
281.9000	-0.0177714	324.418
281.8000	-0.0950979	324.418
281.7000	-0.233358	324.411
281.6000	-0.331531	324.412
281.5000	-0.345311	324.412
281.4000	-0.392775	324.431
281.3000	-0.390768	324.443
281.2000	-0.300436	324.442
281.1000	-0.239437	324.438
281.0000	-0.255852	324.433
280.9000	-0.16504	324.433
280.8000	-0.0829895	324.43
280.7000	-0.0604879	324.428
280.6000	-0.120708	324.432
280.5000	-0.131837	324.426
280.4000	-0.137098	324.422
280.3000	-0.18558	324.417
280.2000	-0.0762309	324.412
280.1000	-0.0272156	324.408
280.0000	-0.0179759	324.401
279.9000	-0.0259735	324.392
279.8000	0.0473918	324.374
279.7000	0.153193	324.368
279.6000	0.127423	324.362
279.5000	0.116232	324.362
279.4000	-0.00835978	324.359
279.3000	-0.141214	324.353
279.2000	-0.147473	324.355
279.1000	-0.127435	324.356
279.0000	-0.0854685	324.36
278.9000	-0.028654	324.351
278.8000	0.0143819	324.363
278.7000	0.0730855	324.374
278.6000	0.143138	324.389
278.5000	0.212829	324.409
278.4000	0.272564	324.426
278.3000	0.234086	324.445
278.2000	0.125487	324.463
278.1000	-0.0112579	324.48
278.0000	-0.1289	324.485
277.9000	-0.26961	324.479
277.8000	-0.340304	324.474
277.7000	-0.301259	324.472
277.6000	-0.214972	324.491
277.5000	-0.158888	324.507
277.4000	-0.151081	324.52
277.3000	-0.145407	324.535
277.2000	-0.150089	324.545
277.1000	-0.108446	324.556
277.0000	-0.151666	324.569
276.9000	-0.178922	324.584
276.8000	-0.20716	324.578
276.7000	-0.258349	324.568
276.6000	-0.3115	324.563
276.5000	-0.345635	324.56
276.4000	-0.37498	324.557
276.3000	-0.311172	324.555
276.2000	-0.216338	324.559
276.1000	-0.123423	324.567
276.0000	-0.112973	324.592
275.9000	-0.118333	324.615
275.8000	-0.0174327	324.638
275.7000	0.0907288	324.659
275.6000	0.177658	324.684
275.5000	0.210211	324.709
275.4000	0.208583	324.734
275.3000	0.211106	324.753
275.2000	0.147938	324.758
275.1000	0.0894918	324.762
275.0000	-0.0226156	324.77
274.9000	-0.103739	324.777
274.8000	-0.187025	324.783
274.7000	-0.224413	324.79
274.6000	-0.27978	324.8
274.5000	-0.271478	324.81
274.4000	-0.244574	324.821
274.3000	-0.241557	324.831
274.2000	-0.200196	324.844
274.1000	-0.222883	324.858
274.0000	-0.200278	324.874
273.9000	-0.335905	324.884
273.8000	-0.416221	324.896
273.7000	-0.486822	324.904
273.6000	-0.519176	324.921
273.5000	-0.584786	324.939
273.4000	-0.639437	324.958
273.3000	-0.593564	324.978
273.2000	-0.595889	324.994
273.1000	-0.546779	325.016
273.0000	-0.487933	325.042
272.9000	-0.488041	325.066
272.8000	-0.446637	325.09
272.7000	-0.35251	325.114
272.6000	-0.267388	325.135
272.5000	-0.242146	325.157
272.4000	-0.172305	325.18
272.3000	-0.121786	325.204
272.2000	-0.0902435	325.223
272.1000	-0.0410044	325.244
272.0000	-0.0716807	325.262
271.9000	-0.0352193	325.28
271.8000	-0.0899434	325.288
271.7000	-0.0867645	325.302
271.6000	-0.145215	325.317
271.5000	-0.178	325.334
271.4000	-0.129755	325.348
271.3000	-0.135001	325.358
271.2000	-0.1738	325.364
271.1000	-0.229559	325.371
271.0000	-0.229845	325.382
270.9000	-0.286383	325.378
270.8000	-0.311221	325.369
270.7000	-0.344645	325.358
270.6000	-0.406764	325.347
270.5000	-0.41832	325.339
270.4000	-0.401157	325.336
270.3000	-0.347015	325.334
270.2000	-0.36396	325.333
270.1000	-0.35123	325.341
270.0000	-0.303871	325.352
269.9000	-0.219099	325.369
269.8000	-0.163891	325.385
269.7000	-0.14092	325.398
269.6000	-0.148953	325.412
269.5000	-0.169293	325.427
269.4000	-0.127427	325.428
269.3000	-0.0814952	325.429
269.2000	-0.159614	325.434
269.1000	-0.240174	325.443
269.0000	-0.188016	325.452
268.9000	-0.171921	325.469
268.8000	-0.0823578	325.484
268.7000	-0.0421621	325.502
268.6000	-0.0285268	325.535
268.5000	-0.0377818	325.582
268.4000	-0.026241	325.63
268.3000	0.0415151	325.663
268.2000	0.043336	325.699
268.1000	-0.0130198	325.734
268.0000	-0.0457896	325.773
267.9000	-0.0801208	325.81
267.8000	-0.136606	325.847
267.7000	-0.194441	325.889
267.6000	-0.291562	325.93
267.5000	-0.343772	325.979
267.4000	-0.406024	326.017
267.3000	-0.39042	326.058
267.2000	-0.340455	326.098
267.1000	-0.383531	326.144
267.0000	-0.352885	326.202
266.9000	-0.296031	326.258
266.8000	-0.267442	326.31
266.7000	-0.192885	326.349
266.6000	-0.156295	326.398
266.5000	-0.125271	326.456
266.4000	-0.167005	326.51
266.3000	-0.102836	326.572
266.2000	-0.114456	326.625
266.1000	-0.0832072	326.672
266.0000	0.013973	326.693
265.9000	0.0437622	326.728
265.8000	0.0937815	326.779
265.7000	0.0401937	326.825
265.6000	0.0448191	326.875
265.5000	-0.0134542	326.919
265.4000	0.0144684	326.954
265.3000	0.0893585	326.99
265.2000	0.0450948	327.046
265.1000	-0.0309011	327.115
265.0000	-0.0681407	327.173
264.9000	-0.00466309	327.236
264.8000	-0.0367655	327.278
264.7000	-0.0467224	327.328
264.6000	-0.0992686	327.39
264.5000	-0.230077	327.454
264.4000	-0.336408	327.521
264.3000	-0.334606	327.574
264.2000	-0.329512	327.629
264.1000	-0.385042	327.692
264.0000	-0.382115	327.768
263.9000	-0.412375	327.851
263.8000	-0.37919	327.921
263.7000	-0.341444	327.988
263.6000	-0.329772	328.053
263.5000	-0.30828	328.121
263.4000	-0.262723	328.201
263.3000	-0.254115	328.264
263.2000	-0.238316	328.331
263.1000	-0.163903	328.395
263.0000	-0.022937	328.456
262.9000	0.0295054	328.508
262.8000	0.0552266	328.564
262.7000	0.161479	328.628
262.6000	0.151167	328.694
262.5000	0.150786	328.765
262.4000	0.141625	328.823
262.3000	0.0995127	328.883
262.2000	0.0461019	328.948
262.1000	-0.0103851	329.034
262.0000	-0.00482483	329.106
261.9000	-0.0154806	329.172
261.8000	-0.128678	329.233
261.7000	-0.182502	329.286
261.6000	-0.150947	329.35
261.5000	-0.121968	329.423
261.4000	-0.157895	329.503
261.3000	-0.172537	329.571
261.2000	-0.201479	329.648
261.1000	-0.255352	329.733
261.0000	-0.189993	329.83
260.9000	-0.10991	329.924
260.8000	-0.0944499	330.014
260.7000	-0.0560343	330.098
260.6000	-0.0336924	330.172
260.5000	0.00572917	330.249
260.4000	-0.0117137	330.328
260.3000	-0.0548665	330.403
260.2000	-0.0283681	330.46
260.1000	0.00852559	330.524
260.0000	-0.0312185	330.601
259.9000	-0.066037	330.666
259.8000	-0.0664673	330.735
259.7000	0.00924276	330.802
259.6000	0.0144877	330.858
259.5000	0.000947062	330.922
259.4000	-0.0337026	331.001
259.3000	-0.086615	331.067
259.2000	-0.109865	331.131
259.1000	-0.0988688	331.209
259.0000	-0.112571	331.283
258.9000	-0.215383	331.361
258.8000	-0.233493	331.443
258.7000	-0.101438	331.522
258.6000	-0.0295634	331.603
258.5000	-0.0406993	331.691
258.4000	-0.0602122	331.774
258.3000	-0.030422	331.854
258.2000	0.0311127	331.936
258.1000	0.0785685	332.01
258.0000	0.117687	332.106
257.9000	0.0818919	332.214
257.8000	0.117254	332.305
257.7000	0.131652	332.392
257.6000	0.101658	332.489
257.5000	0.0830861	332.586
257.4000	0.0497376	332.694
257.3000	-0.014738	332.797
257.2000	-0.0320536	332.892
257.1000	-0.00834961	332.98
257.0000	-0.103946	333.07
256.9000	-0.145473	333.165
256.8000	-0.142206	333.238
256.7000	-0.0364075	333.311
256.6000	-0.00912984	333.38
256.5000	-0.036027	333.451
256.4000	-0.0413859	333.526
256.3000	-0.0754812	333.581
256.2000	-0.0131083	333.636
256.1000	0.131738	333.702
256.0000	0.208389	333.781
255.9000	0.140906	333.864
255.8000	0.076178	333.926
255.7000	0.12388	334
255.6000	0.196048	334.078
255.5000	0.253864	334.152
255.4000	0.255165	334.236
255.3000	0.0997732	334.313
255.2000	0.0351715	334.391
255.1000	0.0456645	334.459
255.0000	0.136622	334.544
254.9000	0.163493	334.617
254.8000	0.104654	334.688
254.7000	0.033433	334.769
254.6000	-0.0167358	334.85
254.5000	-0.0410411	334.935
254.4000	-0.105358	335.008
254.3000	-0.103873	335.087
254.2000	-0.169135	335.16
254.1000	-0.172551	335.238
254.0000	-0.229438	335.312
253.9000	-0.288633	335.395
253.8000	-0.409789	335.472
253.7000	-0.380126	335.549
253.6000	-0.268106	335.619
253.5000	-0.197367	335.694
253.4000	-0.142529	335.768
253.3000	-0.14701	335.849
253.2000	-0.202237	335.924
253.1000	-0.17594	335.997
253.0000	-0.0799988	336.074
252.9000	-0.0522553	336.158
252.8000	-0.0564931	336.236
252.7000	-0.0472697	336.32
252.6000	-0.0539032	336.409
252.5000	-0.169266	336.5
252.4000	-0.181708	336.58
252.3000	-0.180665	336.665
252.2000	-0.180094	336.742
252.1000	-0.161895	336.82
252.0000	-0.15604	336.901
251.9000	-0.196515	336.977
251.8000	-0.225153	337.054
251.7000	-0.181985	337.119
251.6000	-0.138148	337.2
251.5000	-0.12016	337.279
251.4000	-0.141794	337.366
251.3000	-0.151852	337.447
251.2000	-0.161485	337.52
251.1000	-0.178631	337.604
251.0000	-0.277527	337.691
250.9000	-0.364709	337.796
250.8000	-0.358257	337.897
250.7000	-0.339265	338.001
250.6000	-0.354212	338.093
250.5000	-0.281069	338.183
250.4000	-0.319136	338.282
250.3000	-0.396162	338.372
250.2000	-0.401751	338.462
250.1000	-0.366697	338.534
250.0000	-0.394955	338.591
249.9000	-0.475587	338.653
249.8000	-0.380356	338.724
249.7000	-0.360697	338.807
249.6000	-0.26679	338.892
249.5000	-0.22412	338.975
249.4000	-0.139174	339.065
249.3000	-0.0469889	339.156
249.2000	-0.0215576	339.254
249.1000	-0.0134603	339.362
249.0000	-0.0274668	339.465
248.9000	-0.123755	339.563
248.8000	-0.161004	339.666
248.7000	-0.0943054	339.768
248.6000	-0.0776611	339.862
248.5000	-0.100108	339.956
248.4000	-0.142764	340.05
248.3000	-0.164769	340.137
248.2000	-0.17809	340.226
248.1000	-0.23735	340.31
248.0000	-0.281059	340.38
247.9000	-0.378905	340.455
247.8000	-0.380339	340.532
247.7000	-0.498565	340.609
247.6000	-0.550157	340.693
247.5000	-0.395831	340.783
247.4000	-0.222611	340.872
247.3000	-0.0701111	340.956
247.2000	-0.00708923	341.044
247.1000	-0.0529744	341.117
247.0000	-0.205018	341.185
246.9000	-0.140627	341.265
246.8000	-0.0317312	341.334
246.7000	-0.0190918	341.394
246.6000	-0.156017	341.453
246.5000	-0.275997	341.523
246.4000	-0.364587	341.591
246.3000	-0.387134	341.664
246.2000	-0.302388	341.746
246.1000	-0.293403	341.84
246.0000	-0.397922	341.936
245.9000	-0.556594	342.041
245.8000	-0.69225	342.152
245.7000	-0.772925	342.266
245.6000	-0.728446	342.384
245.5000	-0.708489	342.506
245.4000	-0.734938	342.628
245.3000	-0.732283	342.74
245.2000	-0.644621	342.856
245.1000	-0.562279	342.972
245.0000	-0.519242	343.078
244.9000	-0.466225	343.174
244.8000	-0.566522	343.268
244.7000	-0.569301	343.373
244.6000	-0.513754	343.48
244.5000	-0.485711	343.587
244.4000	-0.564166	343.688
244.3000	-0.597043	343.792
244.2000	-0.572971	343.903
244.1000	-0.583214	344.028
244.0000	-0.577759	344.146
243.9000	-0.582795	344.258
243.8000	-0.614432	344.365
243.7000	-0.608617	344.473
243.6000	-0.641268	344.584
243.5000	-0.57335	344.699
243.4000	-0.533194	344.822
243.3000	-0.541843	344.938
243.2000	-0.527568	345.055
243.1000	-0.445385	345.178
243.0000	-0.272002	345.304
242.9000	-0.178902	345.435
242.8000	-0.106155	345.571
242.7000	-0.0437113	345.705
242.6000	-0.0749064	345.824
242.5000	-0.0617249	345.94
242.4000	-0.00794678	346.066
242.3000	0.0578461	346.193
242.2000	-0.0667948	346.321
242.1000	-0.197035	346.452
242.0000	-0.215526	346.586
241.9000	-0.269795	346.714
241.8000	-0.300568	346.844
241.7000	-0.318755	346.976
241.6000	-0.340082	347.104
241.5000	-0.382232	347.234
241.4000	-0.385232	347.367
241.3000	-0.425153	347.5
241.2000	-0.531942	347.63
241.1000	-0.626694	347.767
241.0000	-0.736637	347.916
240.9000	-0.832952	348.073
240.8000	-0.925267	348.227
240.7000	-1.01266	348.382
240.6000	-1.11811	348.541
240.5000	-1.14438	348.698
240.4000	-1.00384	348.855
240.3000	-0.949629	349.005
240.2000	-0.862694	349.152
240.1000	-0.67868	349.299
240.0000	-0.585711	349.449
239.9000	-0.487008	349.606
239.8000	-0.538209	349.765
239.7000	-0.513028	349.929
239.6000	-0.60092	350.095
239.5000	-0.756679	350.267
239.4000	-0.686829	350.442
239.3000	-0.768116	350.617
239.2000	-0.701573	350.796
239.1000	-0.577513	350.98
239.0000	-0.406181	351.164
238.9000	-0.273257	351.349
238.8000	-0.21347	351.533
238.7000	-0.154027	351.721
238.6000	-0.252558	351.901
238.5000	-0.231195	352.082
238.4000	-0.206855	352.268
238.3000	-0.304654	352.453
238.2000	-0.467891	352.642
238.1000	-0.4992	352.834
238.0000	-0.563712	353.027
237.9000	-0.539163	353.222
237.8000	-0.497947	353.416
237.7000	-0.514713	353.616
237.6000	-0.611343	353.819
237.5000	-0.793457	354.022
237.4000	-0.864691	354.222
237.3000	-0.971886	354.416
237.2000	-1.06515	354.615
237.1000	-1.11756	354.811
237.0000	-1.13103	355.015
236.9000	-1.1768	355.22
236.8000	-1.11706	355.427
236.7000	-1.03727	355.637
236.6000	-0.897527	355.842
236.5000	-0.815848	356.048
236.4000	-0.662702	356.255
236.3000	-0.653009	356.462
236.2000	-0.761439	356.669
236.1000	-0.868637	356.874
236.0000	-0.942726	357.085
235.9000	-1.0123	357.295
235.8000	-1.05268	357.512
235.7000	-1.17318	357.728
235.6000	-1.18309	357.946
235.5000	-1.24696	358.162
235.4000	-1.26353	358.382
235.3000	-1.24853	358.6
235.2000	-1.18024	358.82
235.1000	-1.19075	359.039
235.0000	-1.24537	359.258
234.9000	-1.1866	359.48
234.8000	-1.17851	359.705
234.7000	-1.16966	359.935
234.6000	-1.01144	360.163
234.5000	-0.928145	360.401
234.4000	-0.879199	360.641
234.3000	-0.873167	360.878
234.2000	-0.788754	361.116
234.1000	-0.810638	361.353
234.0000	-0.8382	361.583
233.9000	-0.93693	361.816
233.8000	-1.10454	362.056
233.7000	-1.18121	362.296
233.6000	-1.20113	362.537
233.5000	-1.24639	362.782
233.4000	-1.2254	363.022
233.3000	-1.25369	363.27
233.2000	-1.33787	363.532
233.1000	-1.30774	363.79
233.0000	-1.17354	364.046
232.9000	-1.02063	364.298
232.8000	-0.998543	364.554
232.7000	-1.02584	364.813
232.6000	-1.06837	365.066
232.5000	-1.0332	365.325
232.4000	-1.0884	365.571
232.3000	-1.04928	365.825
232.2000	-1.03863	366.078
232.1000	-1.23034	366.333
232.0000	-1.35884	366.588
231.9000	-1.42947	366.839
231.8000	-1.42233	367.091
231.7000	-1.50466	367.348
231.6000	-1.47531	367.606
231.5000	-1.61977	367.853
231.4000	-1.74497	368.105
231.3000	-1.7174	368.355
231.2000	-1.57347	368.615
231.1000	-1.54964	368.865
231.0000	-1.58777	369.115
230.9000	-1.68027	369.37
230.8000	-1.85131	369.618
230.7000	-1.8917	369.873
230.6000	-1.85729	370.133
230.5000	-1.86538	370.4
230.4000	-1.9696	370.665
230.3000	-2.07879	370.935
230.2000	-2.12564	371.202
230.1000	-2.05964	371.474
230.0000	-1.99942	371.743
229.9000	-1.92031	372.006
229.8000	-1.89117	372.267
229.7000	-1.97588	372.519
229.6000	-2.09177	372.764
229.5000	-2.15139	373.003
229.4000	-2.06396	373.238
229.3000	-2.10262	373.469
229.2000	-2.17598	373.69
229.1000	-2.00572	373.916
229.0000	-1.90613	374.152
228.9000	-1.83588	374.393
228.8000	-1.74097	374.635
228.7000	-1.76164	374.889
228.6000	-1.79039	375.154
228.5000	-1.92227	375.423
228.4000	-1.81257	375.707
228.3000	-1.89255	376
228.2000	-2.06878	376.285
228.1000	-2.19657	376.57
228.0000	-2.33053	376.855
227.9000	-2.33954	377.138
227.8000	-2.34146	377.413
227.7000	-2.34274	377.697
227.6000	-2.3395	377.978
227.5000	-2.41389	378.249
227.4000	-2.5383	378.52
227.3000	-2.51753	378.797
227.2000	-2.47412	379.072
227.1000	-2.36644	379.345
227.0000	-2.39272	379.614
226.9000	-2.29189	379.881
226.8000	-2.28375	380.146
226.7000	-2.29628	380.411
226.6000	-2.31823	380.676
226.5000	-2.37551	380.93
226.4000	-2.31663	381.182
226.3000	-2.43502	381.428
226.2000	-2.47458	381.683
226.1000	-2.44935	381.936
226.0000	-2.39999	382.185
225.9000	-2.39082	382.433
225.8000	-2.40483	382.681
225.7000	-2.35476	382.937
225.6000	-2.3981	383.194
225.5000	-2.50926	383.449
225.4000	-2.59245	383.699
225.3000	-2.61646	383.956
225.2000	-2.74973	384.212
225.1000	-2.93306	384.467
225.0000	-3.00156	384.719
224.9000	-2.8353	384.972
224.8000	-2.75175	385.217
224.7000	-2.61311	385.467
224.6000	-2.4727	385.719
224.5000	-2.22821	385.968
224.4000	-2.20158	386.206
224.3000	-2.14785	386.444
224.2000	-2.04402	386.687
224.1000	-2.02613	386.932
224.0000	-2.02526	387.178
223.9000	-2.08949	387.424
223.8000	-1.98498	387.672
223.7000	-2.15611	387.92
223.6000	-2.28227	388.174
223.5000	-2.24456	388.436
223.4000	-2.22745	388.691
223.3000	-2.35913	388.93
223.2000	-2.49373	389.167
223.1000	-2.522	389.407
223.0000	-2.57898	389.65
222.9000	-2.63917	389.891
222.8000	-2.65339	390.129
222.7000	-2.6334	390.366
222.6000	-2.63422	390.602
222.5000	-2.68002	390.846
222.4000	-2.81927	391.087
222.3000	-2.83766	391.329
222.2000	-2.83176	391.571
222.1000	-2.88074	391.809
222.0000	-2.86023	392.047
221.9000	-2.80204	392.276
221.8000	-2.76772	392.511
221.7000	-2.73023	392.749
221.6000	-2.33771	392.995
221.5000	-2.25168	393.235
221.4000	-2.34384	393.461
221.3000	-2.36241	393.692
221.2000	-2.33172	393.926
221.1000	-2.23753	394.165
221.0000	-2.25504	394.395
220.9000	-2.16787	394.625
220.8000	-2.09227	394.858
220.7000	-2.07518	395.085
220.6000	-2.0098	395.322
220.5000	-1.99789	395.561
220.4000	-1.94367	395.789
220.3000	-1.93139	396.021
220.2000	-1.85386	396.256
220.1000	-1.94251	396.484
220.0000	-2.04382	396.714
219.9000	-2.2811	396.947
219.8000	-2.32966	397.183
219.7000	-2.34953	397.414
219.6000	-2.3244	397.647
219.5000	-2.22229	397.88
219.4000	-2.34687	398.114
219.3000	-2.51596	398.344
219.2000	-2.69695	398.574
219.1000	-2.63643	398.803
219.0000	-2.7197	399.034
218.9000	-2.75043	399.262
218.8000	-2.76743	399.494
218.7000	-2.75154	399.719
218.6000	-2.74998	399.945
218.5000	-2.72249	400.171
218.4000	-2.55085	400.404
218.3000	-2.49279	400.631
218.2000	-2.44793	400.855
218.1000	-2.3566	401.08
218.0000	-2.40742	401.306
217.9000	-2.5749	401.533
217.8000	-2.67739	401.756
217.7000	-2.59093	401.984
217.6000	-2.49978	402.207
217.5000	-2.59022	402.433
217.4000	-2.68642	402.656
217.3000	-2.79632	402.88
217.2000	-2.85941	403.105
217.1000	-2.81142	403.329
217.0000	-2.86685	403.551
216.9000	-3.01062	403.777
216.8000	-3.23196	404.003
216.7000	-3.3003	404.227
216.6000	-3.25258	404.456
216.5000	-3.01076	404.685
216.4000	-2.93846	404.91
216.3000	-2.96533	405.13
216.2000	-3.07564	405.354
216.1000	-3.10263	405.577
216.0000	-2.99771	405.799
215.9000	-2.91953	406.022
215.8000	-2.83247	406.238
215.7000	-3.00167	406.459
215.6000	-3.34579	406.679
215.5000	-3.39763	406.904
215.4000	-3.31034	407.131
215.3000	-3.14981	407.358
215.2000	-3.10477	407.585
215.1000	-3.16965	407.821
215.0000	-3.20438	408.062
214.9000	-3.21676	408.298
214.8000	-3.05867	408.536
214.7000	-2.89407	408.778
214.6000	-2.9267	409.021
214.5000	-2.79599	409.268
214.4000	-2.61256	409.514
214.3000	-2.55789	409.756
214.2000	-2.51657	409.992
214.1000	-2.45983	410.234
214.0000	-2.42085	410.473
213.9000	-2.45143	410.715
213.8000	-2.42843	410.958
213.7000	-2.52198	411.197
213.6000	-2.65413	411.441
213.5000	-2.63642	411.69
213.4000	-2.38418	411.943
213.3000	-2.36342	412.195
213.2000	-2.33357	412.45
213.1000	-2.34298	412.71
213.0000	-2.14514	412.973
212.9000	-2.02919	413.239
212.8000	-2.06854	413.496
212.7000	-1.98975	413.76
212.6000	-2.21402	414.02
212.5000	-2.21833	414.286
212.4000	-2.32756	414.551
212.3000	-2.36743	414.814
212.2000	-2.40509	415.078
212.1000	-2.44495	415.345
212.0000	-2.42008	415.622
211.9000	-2.40385	415.899
211.8000	-2.39573	416.175
211.7000	-2.40802	416.456
211.6000	-2.3434	416.742
211.5000	-2.32503	417.027
211.4000	-2.31792	417.315
211.3000	-2.32925	417.604
211.2000	-2.25424	417.889
211.1000	-2.46873	418.175
211.0000	-2.75675	418.465
210.9000	-2.80097	418.754
210.8000	-2.82817	419.044
210.7000	-2.70964	419.344
210.6000	-2.54374	419.642
210.5000	-2.56551	419.944
210.4000	-2.53689	420.245
210.3000	-2.34959	420.559
210.2000	-2.14921	420.868
210.1000	-2.0456	421.179
210.0000	-2.14874	421.485
209.9000	-2.28539	421.795
209.8000	-2.46087	422.099
209.7000	-2.59943	422.405
209.6000	-2.81404	422.717
209.5000	-3.05378	423.033
209.4000	-3.26579	423.341
209.3000	-3.32039	423.657
209.2000	-3.40209	423.981
209.1000	-3.23926	424.308
209.0000	-3.20578	424.632
208.9000	-3.10867	424.969
208.8000	-2.86667	425.3
208.7000	-2.45758	425.633
208.6000	-2.01921	425.981
208.5000	-1.81067	426.328
208.4000	-1.6713	426.674
208.3000	-1.67986	427.019
208.2000	-1.83847	427.366
208.1000	-2.00616	427.709
208.0000	-2.15563	428.056
207.9000	-2.34489	428.409
207.8000	-2.76364	428.754
207.7000	-2.9508	429.107
207.6000	-3.00842	429.46
207.5000	-2.9268	429.813
207.4000	-2.96623	430.163
207.3000	-2.80954	430.517
207.2000	-2.64393	430.872
207.1000	-2.61757	431.221
207.0000	-2.64905	431.573
206.9000	-2.77387	431.916
206.8000	-2.68538	432.265
206.7000	-2.63807	432.618
206.6000	-2.63488	432.975
206.5000	-2.68461	433.333
206.4000	-2.93589	433.688
206.3000	-3.0225	434.055
206.2000	-3.0951	434.413
206.1000	-3.04855	434.775
206.0000	-3.06781	435.139
205.9000	-3.04081	435.506
205.8000	-2.98251	435.872
205.7000	-3.06105	436.242
205.6000	-2.92482	436.615
205.5000	-2.72041	436.994
205.4000	-2.52939	437.371
205.3000	-2.50729	437.751
205.2000	-2.45547	438.132
205.1000	-2.5549	438.512
205.0000	-2.55941	438.896
204.9000	-2.35052	439.291
204.8000	-1.97443	439.688
204.7000	-1.78524	440.089
204.6000	-1.6504	440.491
204.5000	-1.4402	440.896
204.4000	-1.45613	441.297
204.3000	-1.28791	441.71
204.2000	-1.1913	442.124
204.1000	-1.43634	442.522
204.0000	-1.55636	442.929
203.9000	-1.66186	443.338
203.8000	-1.95962	443.747
203.7000	-2.16464	444.171
203.6000	-2.06585	444.607
203.5000	-1.90594	445.043
203.4000	-1.86645	445.477
203.3000	-1.65378	445.93
203.2000	-1.6075	446.389
203.1000	-1.57519	446.849
203.0000	-1.59586	447.312
202.9000	-1.41424	447.784
202.8000	-1.28869	448.253
202.7000	-1.15299	448.732
202.6000	-0.833864	449.212
202.5000	-0.677048	449.691
202.4000	-0.559828	450.173
202.3000	-0.429007	450.663
202.2000	-0.0691518	451.159
202.1000	0.138878	451.647
202.0000	0.285354	452.141
201.9000	0.258345	452.644
201.8000	0.0500712	453.155
201.7000	-0.0428894	453.68
201.6000	-0.0414703	454.215
201.5000	-0.0454386	454.75
201.4000	-0.0519348	455.299
201.3000	-0.00213725	455.858
201.2000	0.131895	456.431
201.1000	0.434088	457.008
201.0000	0.682899	457.591
200.9000	0.918573	458.177
200.8000	1.06301	458.766
200.7000	1.23198	459.365
200.6000	1.60407	459.983
200.5000	1.80533	460.606
200.4000	1.72605	461.24
200.3000	1.50126	461.883
200.2000	1.18015	462.536
200.1000	0.920471	463.197
200.0000	0.767393	463.872
199.9000	0.706611	464.559
199.8000	0.839446	465.253
199.7000	0.925178	465.945
199.6000	0.885845	466.641
199.5000	1.25403	467.355
199.4000	1.6761	468.083
199.3000	2.24685	468.825
199.2000	2.51005	469.576
199.1000	2.42501	470.336
199.0000	2.39957	471.118
198.9000	2.33592	471.926
198.8000	2.37528	472.758
198.7000	2.13557	473.608
198.6000	2.24945	474.482
198.5000	2.35523	475.383
198.4000	2.6981	476.31
198.3000	3.12713	477.259
198.2000	3.22925	478.236
198.1000	3.10507	479.237
198.0000	3.17158	480.274
197.9000	3.7658	481.353
197.8000	3.89666	482.458
197.7000	3.81966	483.603
197.6000	3.58707	484.764
197.5000	3.61676	485.958
197.4000	4.00848	487.171
197.3000	4.31017	488.384
197.2000	4.44482	489.59
197.1000	4.42858	490.786
197.0000	4.41134	491.98
196.9000	4.55068	493.169
196.8000	4.65753	494.36
196.7000	4.75308	495.572
196.6000	4.82779	496.819
196.5000	5.31374	498.118
196.4000	5.51612	499.479
196.3000	5.69274	500.907
196.2000	5.75919	502.399
196.1000	5.65449	503.969
196.0000	5.72514	505.625
195.9000	5.83227	507.38
195.8000	6.04925	509.237
195.7000	5.84604	511.204
195.6000	5.88674	513.295
195.5000	6.35257	515.535
195.4000	6.48264	517.894
195.3000	6.92116	520.363
195.2000	7.19397	522.918
195.1000	7.05697	525.537
195.0000	6.7694	528.158
194.9000	6.50098	530.734
194.8000	6.08072	533.213
194.7000	5.21094	535.554
194.6000	4.89607	537.798
194.5000	4.78139	539.959
194.4000	4.60615	542.053
194.3000	4.52941	544.101
194.2000	4.58055	546.178
194.1000	4.39134	548.347
194.0000	4.44645	550.682
193.9000	4.43274	553.231
193.8000	4.96506	556.052
193.7000	5.23511	559.156
193.6000	5.39969	562.559
193.5000	5.60467	566.323
193.4000	5.98527	570.471
193.3000	6.94682	575.021
193.2000	8.10294	579.969
193.1000	8.57624	585.258
193.0000	8.59181	590.822
192.9000	8.24809	596.599
192.8000	8.32181	602.531
192.7000	8.28222	608.441
192.6000	8.05249	614.104
192.5000	7.47173	619.37
192.4000	6.86798	624.186
192.3000	7.2938	628.612
192.2000	8.04974	632.644
192.1000	8.42638	636.315
192.0000	8.62092	639.71
191.9000	9.34929	643.019
191.8000	10.1477	646.526
191.7000	10.0324	650.462
191.6000	10.486	655.01
191.5000	10.8189	660.157
191.4000	10.2137	665.907
191.3000	9.55412	672.419
191.2000	8.99392	679.719
191.1000	7.51043	687.772
191.0000	7.13847	696.586
190.9000	9.0321	706.057
190.8000	9.1912	715.917
190.7000	6.46283	726.055
190.6000	4.02553	736.442
190.5000	2.74764	746.837
190.4000	2.84508	756.929
190.3000	6.09894	766.57
190.2000	9.12047	775.508
190.1000	8.6254	783.603
190.0000	6.51817	790.937

##### Extended Information
[Comments]
Sample name	ACE2_D2_0.4uM
Comment
User
Division
Company	CSIR-IMTECH

[Detailed Information]
Creation date	2/26/2024 4:12 PM

Data array type	Linear data array * 2
Horizontal axis	Wavelength [nm]
Vertical axis(1)	CD [mdeg]
Vertical axis(2)	HT [V]
Start	350 nm
End	190 nm
Data interval	0.1 nm
Data points	1601    

[Measurement Information]
Instrument Name	JASCO CD
Model Name	J-815
Serial No.	B063061168

Accessory	PTC-423S
Accessory S/N	C013945-01
  Temperature	36.31 C
  Control Sonsor	Cell
  Monitor Sensor	Cell
  Start Mode	Start immediately
  Cell Length	10 mm

Measurement date	2/26/2024 4:12 PM

Photometric Mode	CD, HT
Measure Range	350 - 190 nm
Data pitch	0.1 nm
Sensitivity	Standard
D.I.T.	1 sec
Bandwidth	1.00 nm
Start Mode	Immediately
Scanning Speed	50 nm/min
Baseline Correction	Baseline
Shutter Control	Manual
CD Detector	PMT
PMT Voltage	Auto
Accumulations	3
Concentration	0.4 umol/L

