TITLE	Doxer_0.6uM
DATA TYPE	
ORIGIN	JASCO
OWNER	
DATE	24/04/08
TIME	15:55:07
SPECTROMETER/DATA SYSTEM	
LOCALE	1033
RESOLUTION	
DELTAX	-0.1
XUNITS	NANOMETERS
YUNITS	CD [mdeg]
Y2UNITS	HT [V]
FIRSTX	  350.0000
LASTX	  190.0000
NPOINTS	    1601
FIRSTY	    -0.15556
MAXY	     0.46483
MINY	    -1.26338
XYDATA
350.0000	-0.155561	166.506
349.9000	-0.326441	166.306
349.8000	-0.472467	166.006
349.7000	-0.621095	165.702
349.6000	-0.886333	165.483
349.5000	-0.958644	165.297
349.4000	-0.958249	165.01
349.3000	-1.03718	164.796
349.2000	-1.01321	164.616
349.1000	-0.795301	164.338
349.0000	-0.533821	164.137
348.9000	-0.324375	163.962
348.8000	-0.303647	163.686
348.7000	-0.244843	163.409
348.6000	-0.314004	163.208
348.5000	-0.293325	163.038
348.4000	-0.375256	162.751
348.3000	-0.557984	162.536
348.2000	-0.689954	162.351
348.1000	-0.665964	162.071
348.0000	-0.508993	161.86
347.9000	-0.505154	161.669
347.8000	-0.408713	161.386
347.7000	-0.238932	161.099
347.6000	-0.152065	160.893
347.5000	-0.00522876	160.728
347.4000	0.00161633	160.466
347.3000	0.0588449	160.272
347.2000	0.0423573	160.107
347.1000	0.107274	159.868
347.0000	0.0314819	159.693
346.9000	-0.271027	159.541
346.8000	-0.316926	159.305
346.7000	-0.43056	159.059
346.6000	-0.597719	158.874
346.5000	-0.818536	158.622
346.4000	-0.896965	158.37
346.3000	-0.950103	158.17
346.2000	-0.962352	157.91
346.1000	-0.827087	157.647
346.0000	-0.697659	157.453
345.9000	-0.57417	157.287
345.8000	-0.397538	157.03
345.7000	-0.322511	156.843
345.6000	-0.469108	156.678
345.5000	-0.569388	156.444
345.4000	-0.480145	156.282
345.3000	-0.363529	156.147
345.2000	-0.387783	155.919
345.1000	-0.377898	155.687
345.0000	-0.3885	155.52
344.9000	-0.39789	155.311
344.8000	-0.232517	155.103
344.7000	-0.0525056	154.945
344.6000	0.0487324	154.719
344.5000	0.0541707	154.487
344.4000	0.0361236	154.313
344.3000	0.039394	154.097
344.2000	-0.0490632	153.872
344.1000	-0.0147207	153.701
344.0000	-0.0111227	153.473
343.9000	0.0055999	153.245
343.8000	0.0164703	153.085
343.7000	-0.0341421	152.948
343.6000	-0.103164	152.742
343.5000	-0.162893	152.593
343.4000	-0.145597	152.468
343.3000	-0.0858959	152.261
343.2000	-0.0519125	152.112
343.1000	-0.0398896	151.983
343.0000	-0.0736787	151.792
342.9000	-0.130316	151.593
342.8000	-0.108641	151.444
342.7000	-0.170143	151.236
342.6000	-0.228579	151.022
342.5000	-0.297696	150.866
342.4000	-0.282181	150.676
342.3000	-0.196661	150.484
342.2000	-0.272331	150.332
342.1000	-0.310358	150.135
342.0000	-0.314239	149.937
341.9000	-0.238121	149.801
341.8000	-0.0938416	149.627
341.7000	0.0337056	149.454
341.6000	0.079719	149.326
341.5000	0.0831664	149.158
341.4000	0.129706	148.988
341.3000	0.215207	148.863
341.2000	0.241984	148.686
341.1000	0.167346	148.497
341.0000	0.0124531	148.351
340.9000	-0.0985881	148.163
340.8000	-0.169828	147.969
340.7000	-0.32235	147.815
340.6000	-0.450624	147.625
340.5000	-0.45693	147.439
340.4000	-0.373989	147.305
340.3000	-0.354676	147.132
340.2000	-0.272708	146.962
340.1000	-0.0794058	146.841
340.0000	0.0653442	146.685
339.9000	0.0938049	146.526
339.8000	0.186037	146.409
339.7000	0.121929	146.257
339.6000	-0.0124767	146.103
339.5000	-0.116571	145.995
339.4000	-0.176213	145.842
339.3000	-0.264089	145.681
339.2000	-0.50309	145.503
339.1000	-0.611435	145.345
339.0000	-0.582576	145.185
338.9000	-0.627965	144.995
338.8000	-0.584389	144.82
338.7000	-0.625046	144.643
338.6000	-0.675228	144.453
338.5000	-0.712782	144.293
338.4000	-0.764592	144.17
338.3000	-0.760251	144.019
338.2000	-0.824956	143.867
338.1000	-0.812099	143.766
338.0000	-0.835036	143.627
337.9000	-0.7939	143.489
337.8000	-0.7647	143.391
337.7000	-0.703294	143.262
337.6000	-0.65016	143.126
337.5000	-0.597914	143.022
337.4000	-0.588601	142.889
337.3000	-0.678523	142.744
337.2000	-0.724849	142.585
337.1000	-0.711156	142.451
337.0000	-0.739171	142.311
336.9000	-0.728678	142.156
336.8000	-0.736235	142.02
336.7000	-0.737128	141.885
336.6000	-0.665583	141.738
336.5000	-0.563621	141.608
336.4000	-0.490921	141.519
336.3000	-0.412149	141.393
336.2000	-0.249862	141.264
336.1000	-0.108174	141.173
336.0000	-0.0529786	141.053
335.9000	-0.012965	140.924
335.8000	-0.0266368	140.778
335.7000	-0.0855673	140.644
335.6000	-0.0502829	140.508
335.5000	-0.0140819	140.368
335.4000	-0.0626089	140.247
335.3000	-0.0832948	140.125
335.2000	-0.0414023	139.997
335.1000	-0.0181173	139.888
335.0000	-0.0398052	139.813
334.9000	0.0355844	139.709
334.8000	0.0727976	139.601
334.7000	0.0387684	139.481
334.6000	0.127669	139.375
334.5000	0.120268	139.262
334.4000	0.0189381	139.125
334.3000	-0.074936	138.995
334.2000	-0.0868429	138.863
334.1000	-0.110398	138.721
334.0000	-0.119843	138.594
333.9000	-0.127474	138.499
333.8000	-0.276825	138.38
333.7000	-0.441555	138.256
333.6000	-0.448735	138.128
333.5000	-0.402353	138.023
333.4000	-0.404026	137.919
333.3000	-0.451616	137.807
333.2000	-0.486882	137.709
333.1000	-0.556899	137.607
333.0000	-0.542442	137.498
332.9000	-0.424295	137.406
332.8000	-0.397262	137.294
332.7000	-0.359633	137.194
332.6000	-0.26335	137.09
332.5000	-0.162047	136.979
332.4000	-0.126214	136.881
332.3000	-0.120988	136.781
332.2000	-0.162539	136.668
332.1000	-0.213867	136.56
332.0000	-0.207528	136.449
331.9000	-0.285235	136.35
331.8000	-0.373595	136.257
331.7000	-0.398077	136.151
331.6000	-0.402605	136.052
331.5000	-0.319297	135.915
331.4000	-0.188449	135.806
331.3000	-0.135678	135.707
331.2000	-0.160393	135.597
331.1000	-0.134271	135.499
331.0000	-0.12785	135.397
330.9000	-0.170837	135.291
330.8000	-0.200211	135.198
330.7000	-0.24619	135.093
330.6000	-0.295124	135.004
330.5000	-0.280096	134.917
330.4000	-0.233235	134.828
330.3000	-0.201076	134.75
330.2000	-0.115375	134.634
330.1000	-0.0910177	134.536
330.0000	-0.0473512	134.45
329.9000	-0.0383749	134.354
329.8000	-0.17016	134.265
329.7000	-0.323021	134.138
329.6000	-0.39042	134.036
329.5000	-0.446752	133.945
329.4000	-0.5125	133.843
329.3000	-0.568718	133.756
329.2000	-0.583954	133.634
329.1000	-0.62311	133.538
329.0000	-0.617089	133.456
328.9000	-0.518198	133.369
328.8000	-0.462158	133.292
328.7000	-0.45623	133.183
328.6000	-0.45544	133.101
328.5000	-0.378577	133.035
328.4000	-0.3534	132.954
328.3000	-0.344746	132.883
328.2000	-0.307586	132.785
328.1000	-0.266933	132.707
328.0000	-0.279043	132.638
327.9000	-0.232668	132.557
327.8000	-0.200584	132.485
327.7000	-0.150167	132.393
327.6000	-0.0709423	132.332
327.5000	0.00296623	132.281
327.4000	0.050656	132.193
327.3000	0.116864	132.116
327.2000	0.153595	132.019
327.1000	0.128883	131.941
327.0000	0.130676	131.877
326.9000	0.0371327	131.784
326.8000	-0.11602	131.688
326.7000	-0.202482	131.577
326.6000	-0.223856	131.503
326.5000	-0.291644	131.444
326.4000	-0.348583	131.357
326.3000	-0.391165	131.274
326.2000	-0.490027	131.172
326.1000	-0.487447	131.104
326.0000	-0.414992	131.002
325.9000	-0.299568	130.916
325.8000	-0.265133	130.835
325.7000	-0.215962	130.759
325.6000	-0.230348	130.713
325.5000	-0.281649	130.612
325.4000	-0.180605	130.526
325.3000	-0.130702	130.438
325.2000	-0.149662	130.385
325.1000	-0.231388	130.346
325.0000	-0.354769	130.248
324.9000	-0.386564	130.146
324.8000	-0.35758	130.043
324.7000	-0.309644	129.989
324.6000	-0.302237	129.961
324.5000	-0.264665	129.872
324.4000	-0.291865	129.778
324.3000	-0.273901	129.693
324.2000	-0.246163	129.648
324.1000	-0.190159	129.564
324.0000	-0.23925	129.476
323.9000	-0.218527	129.387
323.8000	-0.203276	129.305
323.7000	-0.226526	129.264
323.6000	-0.173919	129.183
323.5000	-0.174756	129.09
323.4000	-0.138818	128.995
323.3000	-0.0796113	128.942
323.2000	-0.0255352	128.913
323.1000	0.0465097	128.824
323.0000	0.114189	128.726
322.9000	0.137379	128.628
322.8000	0.0991393	128.576
322.7000	0.06091	128.483
322.6000	0.0466104	128.387
322.5000	-0.0255057	128.29
322.4000	-0.0697053	128.193
322.3000	-0.114408	128.133
322.2000	-0.204103	128.034
322.1000	-0.235557	127.928
322.0000	-0.262431	127.821
321.9000	-0.265499	127.762
321.8000	-0.260893	127.665
321.7000	-0.202196	127.565
321.6000	-0.22051	127.459
321.5000	-0.224953	127.362
321.4000	-0.259364	127.309
321.3000	-0.314243	127.235
321.2000	-0.317601	127.163
321.1000	-0.273038	127.091
321.0000	-0.235583	127.07
320.9000	-0.262063	127.02
320.8000	-0.362101	126.967
320.7000	-0.396806	126.92
320.6000	-0.40747	126.871
320.5000	-0.348455	126.857
320.4000	-0.248282	126.805
320.3000	-0.198844	126.747
320.2000	-0.208805	126.693
320.1000	-0.188629	126.673
320.0000	-0.121916	126.622
319.9000	-0.0868134	126.562
319.8000	-0.0712586	126.503
319.7000	-0.0885916	126.441
319.6000	-0.171886	126.367
319.5000	-0.179914	126.311
319.4000	-0.160469	126.249
319.3000	-0.204729	126.176
319.2000	-0.227241	126.137
319.1000	-0.22284	126.071
319.0000	-0.165541	125.997
318.9000	-0.103996	125.921
318.8000	-0.088204	125.877
318.7000	-0.120642	125.798
318.6000	-0.161158	125.719
318.5000	-0.210605	125.649
318.4000	-0.243133	125.58
318.3000	-0.250357	125.502
318.2000	-0.325455	125.441
318.1000	-0.371787	125.379
318.0000	-0.343635	125.323
317.9000	-0.319763	125.302
317.8000	-0.301099	125.259
317.7000	-0.29173	125.208
317.6000	-0.280709	125.145
317.5000	-0.312157	125.114
317.4000	-0.273821	125.061
317.3000	-0.236619	125.005
317.2000	-0.22476	124.942
317.1000	-0.205484	124.878
317.0000	-0.233541	134.105
316.9000	-0.243615	140.665
316.8000	-0.231048	142.105
316.7000	-0.191662	142.402
316.6000	-0.163087	142.426
316.5000	-0.151813	142.4
316.4000	-0.119724	142.357
316.3000	-0.0950684	142.305
316.2000	-0.0289613	138.302
316.1000	0.000208455	127.488
316.0000	-0.00643013	125.019
315.9000	0.00728548	124.388
315.8000	-0.0298453	124.213
315.7000	-0.0378693	124.116
315.6000	-0.0610912	124.048
315.5000	-0.103518	123.982
315.4000	-0.209646	123.941
315.3000	-0.232795	123.877
315.2000	-0.200537	123.81
315.1000	-0.163434	123.746
315.0000	-0.152426	123.686
314.9000	-0.154831	123.623
314.8000	-0.185841	123.571
314.7000	-0.189704	123.513
314.6000	-0.177485	123.457
314.5000	-0.209175	123.401
314.4000	-0.249912	123.357
314.3000	-0.269603	123.31
314.2000	-0.284011	123.263
314.1000	-0.28684	123.202
314.0000	-0.334135	123.147
313.9000	-0.370324	123.096
313.8000	-0.37675	123.046
313.7000	-0.351256	122.973
313.6000	-0.331964	122.909
313.5000	-0.310252	122.849
313.4000	-0.330676	122.788
313.3000	-0.316028	122.729
313.2000	-0.219436	122.684
313.1000	-0.161684	122.632
313.0000	-0.148813	122.58
312.9000	-0.200399	122.531
312.8000	-0.199957	122.498
312.7000	-0.195862	122.454
312.6000	-0.199167	122.41
312.5000	-0.190057	122.356
312.4000	-0.216814	122.305
312.3000	-0.282738	122.247
312.2000	-0.290781	122.191
312.1000	-0.287322	122.117
312.0000	-0.264693	122.048
311.9000	-0.260428	121.981
311.8000	-0.27563	121.9
311.7000	-0.279269	121.836
311.6000	-0.307715	121.77
311.5000	-0.277388	121.716
311.4000	-0.281089	121.646
311.3000	-0.290079	121.601
311.2000	-0.275096	121.558
311.1000	-0.30977	121.522
311.0000	-0.345664	121.481
310.9000	-0.348446	121.448
310.8000	-0.330117	121.413
310.7000	-0.316011	121.384
310.6000	-0.349549	121.342
310.5000	-0.324922	121.31
310.4000	-0.354485	121.277
310.3000	-0.365698	121.245
310.2000	-0.359873	121.213
310.1000	-0.380626	121.188
310.0000	-0.348085	121.163
309.9000	-0.366371	121.139
309.8000	-0.31778	121.119
309.7000	-0.300576	121.092
309.6000	-0.253793	121.069
309.5000	-0.240275	121.031
309.4000	-0.213787	121.003
309.3000	-0.200014	120.962
309.2000	-0.19838	120.928
309.1000	-0.224659	120.871
309.0000	-0.292779	120.819
308.9000	-0.318725	120.773
308.8000	-0.360072	120.729
308.7000	-0.363043	120.693
308.6000	-0.361929	120.662
308.5000	-0.33857	120.63
308.4000	-0.361798	120.587
308.3000	-0.349817	120.565
308.2000	-0.321726	120.538
308.1000	-0.311563	120.519
308.0000	-0.284166	120.489
307.9000	-0.308694	120.46
307.8000	-0.332271	120.414
307.7000	-0.342302	120.374
307.6000	-0.327749	120.332
307.5000	-0.331789	120.272
307.4000	-0.369154	120.223
307.3000	-0.359729	120.176
307.2000	-0.334521	120.138
307.1000	-0.287302	120.094
307.0000	-0.23636	120.067
306.9000	-0.233814	120.036
306.8000	-0.17659	120.018
306.7000	-0.144177	120
306.6000	-0.0974315	119.975
306.5000	-0.098167	119.95
306.4000	-0.13304	119.907
306.3000	-0.151416	119.877
306.2000	-0.171883	119.832
306.1000	-0.18006	119.795
306.0000	-0.244554	119.744
305.9000	-0.323032	119.705
305.8000	-0.326884	119.678
305.7000	-0.334114	119.639
305.6000	-0.315488	119.614
305.5000	-0.319174	119.588
305.4000	-0.35951	119.569
305.3000	-0.37164	119.543
305.2000	-0.392374	119.521
305.1000	-0.352581	119.493
305.0000	-0.343746	119.453
304.9000	-0.35984	119.424
304.8000	-0.312222	119.39
304.7000	-0.279215	119.358
304.6000	-0.211856	119.317
304.5000	-0.2059	119.281
304.4000	-0.186432	119.252
304.3000	-0.19882	119.217
304.2000	-0.225985	119.195
304.1000	-0.218903	119.174
304.0000	-0.24316	119.16
303.9000	-0.247203	119.132
303.8000	-0.296971	119.103
303.7000	-0.270707	119.083
303.6000	-0.227213	119.047
303.5000	-0.231535	119.021
303.4000	-0.240649	118.989
303.3000	-0.231455	118.951
303.2000	-0.203665	118.914
303.1000	-0.157318	118.887
303.0000	-0.164905	118.872
302.9000	-0.1553	118.845
302.8000	-0.187268	118.819
302.7000	-0.205278	118.799
302.6000	-0.18052	118.771
302.5000	-0.156832	118.753
302.4000	-0.164453	118.731
302.3000	-0.240856	118.694
302.2000	-0.25682	118.66
302.1000	-0.295289	118.627
302.0000	-0.331413	118.605
301.9000	-0.34214	118.574
301.8000	-0.333191	118.549
301.7000	-0.344479	118.53
301.6000	-0.365963	118.501
301.5000	-0.373013	118.486
301.4000	-0.395458	118.467
301.3000	-0.376286	118.441
301.2000	-0.293746	118.421
301.1000	-0.28397	118.401
301.0000	-0.296069	118.391
300.9000	-0.290441	118.367
300.8000	-0.295262	118.342
300.7000	-0.284792	118.32
300.6000	-0.245798	118.296
300.5000	-0.244381	118.275
300.4000	-0.288764	118.257
300.3000	-0.321175	118.231
300.2000	-0.295069	118.206
300.1000	-0.308758	118.185
300.0000	-0.307716	118.162
299.9000	-0.295366	118.145
299.8000	-0.306435	118.126
299.7000	-0.326228	118.102
299.6000	-0.338556	118.079
299.5000	-0.314452	118.059
299.4000	-0.320884	118.042
299.3000	-0.288572	118.021
299.2000	-0.258842	118.004
299.1000	-0.258589	117.99
299.0000	-0.253617	117.967
298.9000	-0.2434	117.952
298.8000	-0.208865	117.941
298.7000	-0.20729	117.923
298.6000	-0.212705	117.908
298.5000	-0.246489	117.89
298.4000	-0.28741	117.867
298.3000	-0.331868	117.845
298.2000	-0.339673	117.824
298.1000	-0.364807	117.802
298.0000	-0.416203	117.781
297.9000	-0.418765	117.763
297.8000	-0.423633	117.737
297.7000	-0.423437	117.717
297.6000	-0.421932	117.703
297.5000	-0.386021	117.683
297.4000	-0.380389	117.669
297.3000	-0.3878	117.655
297.2000	-0.379051	117.634
297.1000	-0.422406	117.613
297.0000	-0.50567	117.594
296.9000	-0.551352	117.571
296.8000	-0.579963	117.553
296.7000	-0.628329	117.535
296.6000	-0.654171	117.522
296.5000	-0.63573	117.508
296.4000	-0.641937	117.496
296.3000	-0.63247	117.488
296.2000	-0.577866	117.479
296.1000	-0.518534	117.47
296.0000	-0.443993	117.461
295.9000	-0.402995	117.449
295.8000	-0.399269	117.429
295.7000	-0.379027	117.415
295.6000	-0.324331	117.404
295.5000	-0.261981	117.387
295.4000	-0.228296	117.366
295.3000	-0.231233	117.354
295.2000	-0.267408	117.335
295.1000	-0.294793	117.312
295.0000	-0.244355	117.301
294.9000	-0.217097	117.283
294.8000	-0.269609	117.257
294.7000	-0.369535	117.237
294.6000	-0.45398	117.217
294.5000	-0.503344	117.193
294.4000	-0.518896	117.176
294.3000	-0.517125	117.166
294.2000	-0.484041	117.149
294.1000	-0.502829	117.135
294.0000	-0.475296	117.129
293.9000	-0.447448	117.113
293.8000	-0.4317	117.103
293.7000	-0.394199	117.098
293.6000	-0.344952	117.085
293.5000	-0.311159	117.066
293.4000	-0.332009	117.055
293.3000	-0.337999	117.04
293.2000	-0.300504	117.024
293.1000	-0.26356	117.019
293.0000	-0.205695	117.007
292.9000	-0.153976	116.992
292.8000	-0.15899	116.985
292.7000	-0.200455	116.973
292.6000	-0.168909	116.961
292.5000	-0.166342	116.944
292.4000	-0.194959	116.935
292.3000	-0.22188	116.918
292.2000	-0.218474	116.902
292.1000	-0.269838	116.89
292.0000	-0.319543	116.87
291.9000	-0.26283	116.853
291.8000	-0.293492	116.836
291.7000	-0.344465	116.826
291.6000	-0.364193	116.809
291.5000	-0.358596	116.792
291.4000	-0.38017	116.781
291.3000	-0.371278	116.762
291.2000	-0.346873	116.741
291.1000	-0.366219	116.719
291.0000	-0.342466	116.703
290.9000	-0.308145	116.677
290.8000	-0.322947	116.642
290.7000	-0.352907	116.603
290.6000	-0.379363	116.561
290.5000	-0.41135	116.513
290.4000	-0.387961	116.464
290.3000	-0.368376	116.422
290.2000	-0.384697	116.369
290.1000	-0.396506	116.316
290.0000	-0.379154	116.27
289.9000	-0.378063	116.239
289.8000	-0.354903	116.214
289.7000	-0.361601	116.197
289.6000	-0.372155	116.194
289.5000	-0.405623	116.201
289.4000	-0.399214	116.221
289.3000	-0.382981	116.25
289.2000	-0.385089	116.285
289.1000	-0.372448	116.327
289.0000	-0.350089	116.366
288.9000	-0.351518	116.402
288.8000	-0.37223	116.433
288.7000	-0.370999	116.461
288.6000	-0.36032	116.481
288.5000	-0.356755	116.495
288.4000	-0.38369	116.502
288.3000	-0.37257	116.507
288.2000	-0.398257	116.505
288.1000	-0.406639	116.499
288.0000	-0.391967	116.492
287.9000	-0.365521	116.48
287.8000	-0.375844	116.472
287.7000	-0.415202	116.461
287.6000	-0.414297	116.455
287.5000	-0.410144	116.442
287.4000	-0.426047	116.436
287.3000	-0.397026	116.431
287.2000	-0.374041	116.427
287.1000	-0.380735	116.42
287.0000	-0.394249	116.406
286.9000	-0.344933	116.399
286.8000	-0.309103	116.393
286.7000	-0.329332	116.385
286.6000	-0.356347	116.373
286.5000	-0.382577	116.368
286.4000	-0.382219	116.368
286.3000	-0.368428	116.371
286.2000	-0.369066	116.373
286.1000	-0.373864	116.371
286.0000	-0.408535	116.372
285.9000	-0.420229	116.371
285.8000	-0.38929	116.375
285.7000	-0.337918	116.372
285.6000	-0.335719	116.365
285.5000	-0.345839	116.363
285.4000	-0.351086	116.361
285.3000	-0.378582	116.361
285.2000	-0.380458	116.353
285.1000	-0.353316	116.349
285.0000	-0.352808	116.35
284.9000	-0.346918	116.347
284.8000	-0.342623	116.345
284.7000	-0.356958	116.334
284.6000	-0.362161	116.325
284.5000	-0.329727	116.325
284.4000	-0.333879	116.322
284.3000	-0.322156	116.324
284.2000	-0.346991	116.315
284.1000	-0.374467	116.31
284.0000	-0.380992	116.3
283.9000	-0.351067	116.301
283.8000	-0.329706	116.307
283.7000	-0.333666	116.303
283.6000	-0.305994	116.3
283.5000	-0.311792	116.294
283.4000	-0.327933	116.291
283.3000	-0.349956	116.293
283.2000	-0.379656	116.298
283.1000	-0.416876	116.299
283.0000	-0.466446	116.293
282.9000	-0.500463	116.288
282.8000	-0.527209	116.286
282.7000	-0.568527	116.289
282.6000	-0.589151	116.294
282.5000	-0.577882	116.294
282.4000	-0.541409	116.294
282.3000	-0.502811	116.293
282.2000	-0.499216	116.292
282.1000	-0.467047	116.298
282.0000	-0.44597	116.304
281.9000	-0.433824	116.305
281.8000	-0.433595	116.307
281.7000	-0.396631	116.31
281.6000	-0.357725	116.313
281.5000	-0.325156	116.316
281.4000	-0.263093	116.327
281.3000	-0.221896	116.333
281.2000	-0.185895	116.334
281.1000	-0.169857	116.333
281.0000	-0.141714	116.33
280.9000	-0.146257	116.326
280.8000	-0.20201	116.32
280.7000	-0.235269	116.317
280.6000	-0.309395	116.315
280.5000	-0.325665	116.311
280.4000	-0.370373	116.307
280.3000	-0.38924	116.306
280.2000	-0.387135	116.306
280.1000	-0.385812	116.307
280.0000	-0.349549	116.307
279.9000	-0.346095	116.305
279.8000	-0.342046	116.299
279.7000	-0.353223	116.297
279.6000	-0.364735	116.296
279.5000	-0.367897	116.296
279.4000	-0.367646	116.296
279.3000	-0.346525	116.298
279.2000	-0.364844	116.299
279.1000	-0.359589	116.305
279.0000	-0.366966	116.305
278.9000	-0.387325	116.303
278.8000	-0.368899	116.309
278.7000	-0.362438	116.315
278.6000	-0.354489	116.323
278.5000	-0.375757	116.325
278.4000	-0.396126	116.324
278.3000	-0.424794	116.323
278.2000	-0.443009	116.325
278.1000	-0.41915	116.33
278.0000	-0.402663	116.328
277.9000	-0.392744	116.324
277.8000	-0.348959	116.323
277.7000	-0.339654	116.322
277.6000	-0.295644	116.33
277.5000	-0.295931	116.335
277.4000	-0.299976	116.342
277.3000	-0.315882	116.349
277.2000	-0.337656	116.356
277.1000	-0.36588	116.365
277.0000	-0.403715	116.372
276.9000	-0.414905	116.381
276.8000	-0.424281	116.385
276.7000	-0.381816	116.39
276.6000	-0.343295	116.395
276.5000	-0.297214	116.402
276.4000	-0.248797	116.41
276.3000	-0.214527	116.414
276.2000	-0.197092	116.417
276.1000	-0.19213	116.418
276.0000	-0.160816	116.425
275.9000	-0.170738	116.431
275.8000	-0.205784	116.435
275.7000	-0.258466	116.435
275.6000	-0.314456	116.436
275.5000	-0.34807	116.44
275.4000	-0.327581	116.445
275.3000	-0.342557	116.451
275.2000	-0.346422	116.455
275.1000	-0.310225	116.461
275.0000	-0.298612	116.466
274.9000	-0.23563	116.473
274.8000	-0.176418	116.483
274.7000	-0.129154	116.49
274.6000	-0.0926921	116.498
274.5000	-0.0870861	116.507
274.4000	-0.0829163	116.515
274.3000	-0.160621	116.519
274.2000	-0.197948	116.528
274.1000	-0.213135	116.542
274.0000	-0.268762	116.545
273.9000	-0.326008	116.546
273.8000	-0.387793	116.547
273.7000	-0.386757	116.549
273.6000	-0.35734	116.552
273.5000	-0.331736	116.558
273.4000	-0.302666	116.56
273.3000	-0.290304	116.56
273.2000	-0.245624	116.563
273.1000	-0.193852	116.571
273.0000	-0.142953	116.581
272.9000	-0.133265	116.59
272.8000	-0.153419	116.6
272.7000	-0.123672	116.611
272.6000	-0.0774089	116.622
272.5000	-0.0423005	116.631
272.4000	-0.0273886	116.639
272.3000	-0.0592194	116.646
272.2000	-0.0976736	116.653
272.1000	-0.10565	116.661
272.0000	-0.129428	116.664
271.9000	-0.185146	116.665
271.8000	-0.208448	116.667
271.7000	-0.23621	116.669
271.6000	-0.259194	116.672
271.5000	-0.221531	116.677
271.4000	-0.162264	116.681
271.3000	-0.126213	116.683
271.2000	-0.130139	116.685
271.1000	-0.0889314	116.689
271.0000	-0.0606558	116.69
270.9000	-0.0494223	116.687
270.8000	-0.0485271	116.683
270.7000	-0.0681906	116.682
270.6000	-0.0911174	116.68
270.5000	-0.086437	116.676
270.4000	-0.0403453	116.674
270.3000	-0.0546896	116.672
270.2000	-0.110858	116.67
270.1000	-0.19797	116.67
270.0000	-0.233557	116.675
269.9000	-0.229508	116.68
269.8000	-0.237361	116.682
269.7000	-0.295483	116.688
269.6000	-0.35467	116.697
269.5000	-0.363211	116.709
269.4000	-0.378418	116.719
269.3000	-0.336196	116.729
269.2000	-0.317628	116.735
269.1000	-0.406153	125.377
269.0000	-0.536975	138.788
268.9000	-0.601261	143.575
268.8000	-0.612787	144.678
268.7000	-0.646647	144.947
268.6000	-0.625726	145.019
268.5000	-0.607953	145.05
268.4000	-0.574426	145.075
268.3000	-0.495821	141.655
268.2000	-0.358837	127.055
268.1000	-0.232712	119.206
268.0000	-0.176316	117.453
267.9000	-0.14634	117.048
267.8000	-0.194244	116.963
267.7000	-0.244915	116.947
267.6000	-0.296024	116.951
267.5000	-0.354911	116.959
267.4000	-0.387308	121.051
267.3000	-0.402328	135.63
267.2000	-0.389717	149.505
267.1000	-0.412621	163.377
267.0000	-0.432903	177.242
266.9000	-0.374879	191.121
266.8000	-0.324475	204.999
266.7000	-0.311864	218.872
266.6000	-0.329349	232.755
266.5000	-0.364404	232.647
266.4000	-0.431029	232.641
266.3000	-0.413581	232.685
266.2000	-0.39484	232.739
266.1000	-0.411985	232.794
266.0000	-0.44319	232.842
265.9000	-0.459395	232.897
265.8000	-0.439995	232.948
265.7000	-0.441058	232.995
265.6000	-0.390741	233.042
265.5000	-0.382979	233.083
265.4000	-0.380873	233.11
265.3000	-0.375287	233.132
265.2000	-0.375222	233.162
265.1000	-0.4143	233.194
265.0000	-0.47286	233.228
264.9000	-0.524047	233.269
264.8000	-0.498897	233.3
264.7000	-0.49035	233.337
264.6000	-0.513999	233.378
264.5000	-0.543474	233.426
264.4000	-0.537548	233.476
264.3000	-0.529634	233.517
264.2000	-0.493842	233.565
264.1000	-0.427656	233.616
264.0000	-0.452869	233.667
263.9000	-0.505201	233.719
263.8000	-0.529769	233.765
263.7000	-0.500756	233.817
263.6000	-0.524371	233.866
263.5000	-0.49773	233.918
263.4000	-0.438902	233.976
263.3000	-0.358522	234.019
263.2000	-0.329668	234.063
263.1000	-0.233035	234.113
263.0000	-0.132595	234.174
262.9000	-0.0869111	234.231
262.8000	-0.0752554	234.289
262.7000	-0.0969249	234.352
262.6000	-0.142194	234.41
262.5000	-0.255708	234.47
262.4000	-0.354417	234.527
262.3000	-0.455287	234.588
262.2000	-0.56055	234.647
262.1000	-0.648116	234.709
262.0000	-0.716558	234.754
261.9000	-0.710528	234.806
261.8000	-0.696178	234.866
261.7000	-0.684052	234.919
261.6000	-0.628222	234.975
261.5000	-0.583071	235.03
261.4000	-0.560583	235.078
261.3000	-0.577256	235.124
261.2000	-0.479738	235.188
261.1000	-0.401526	235.256
261.0000	-0.361351	235.318
260.9000	-0.3441	235.369
260.8000	-0.299761	235.431
260.7000	-0.251325	235.502
260.6000	-0.240009	235.566
260.5000	-0.20809	235.626
260.4000	-0.283585	235.685
260.3000	-0.370353	235.741
260.2000	-0.446378	235.782
260.1000	-0.4785	235.837
260.0000	-0.487143	235.898
259.9000	-0.525648	235.95
259.8000	-0.555007	236.012
259.7000	-0.577223	236.081
259.6000	-0.521875	236.144
259.5000	-0.550403	236.197
259.4000	-0.533421	236.26
259.3000	-0.491871	236.319
259.2000	-0.523107	236.376
259.1000	-0.565895	236.433
259.0000	-0.570866	236.477
258.9000	-0.611024	236.519
258.8000	-0.640526	236.573
258.7000	-0.62491	236.626
258.6000	-0.56258	236.682
258.5000	-0.568754	236.748
258.4000	-0.541397	236.81
258.3000	-0.514024	236.871
258.2000	-0.498359	236.936
258.1000	-0.464906	236.997
258.0000	-0.446601	237.058
257.9000	-0.375183	237.125
257.8000	-0.395992	237.186
257.7000	-0.363804	237.249
257.6000	-0.341693	237.316
257.5000	-0.344384	237.38
257.4000	-0.28647	237.453
257.3000	-0.253266	237.52
257.2000	-0.273398	237.58
257.1000	-0.343107	237.639
257.0000	-0.396366	237.698
256.9000	-0.39071	237.762
256.8000	-0.400838	237.818
256.7000	-0.45242	237.882
256.6000	-0.555374	237.942
256.5000	-0.591226	237.996
256.4000	-0.621386	238.052
256.3000	-0.607884	238.102
256.2000	-0.586267	238.154
256.1000	-0.638502	238.206
256.0000	-0.722946	238.249
255.9000	-0.695978	238.296
255.8000	-0.562444	238.338
255.7000	-0.485205	238.387
255.6000	-0.476903	238.442
255.5000	-0.420909	238.498
255.4000	-0.421516	238.563
255.3000	-0.384536	238.63
255.2000	-0.32143	238.704
255.1000	-0.343672	238.772
255.0000	-0.39939	238.842
254.9000	-0.468154	238.906
254.8000	-0.481394	238.968
254.7000	-0.45532	239.041
254.6000	-0.391978	239.112
254.5000	-0.357005	239.184
254.4000	-0.331852	239.249
254.3000	-0.320405	239.318
254.2000	-0.289187	239.384
254.1000	-0.20677	239.453
254.0000	-0.159784	239.52
253.9000	-0.122283	239.586
253.8000	-0.150689	239.637
253.7000	-0.160968	239.696
253.6000	-0.226645	239.756
253.5000	-0.236246	239.817
253.4000	-0.244921	239.863
253.3000	-0.268403	239.916
253.2000	-0.360353	239.974
253.1000	-0.419892	240.041
253.0000	-0.476824	240.115
252.9000	-0.542708	240.188
252.8000	-0.507145	240.249
252.7000	-0.537296	240.308
252.6000	-0.552968	240.371
252.5000	-0.609375	240.437
252.4000	-0.609565	240.502
252.3000	-0.564927	240.569
252.2000	-0.505496	240.62
252.1000	-0.461722	240.665
252.0000	-0.436406	240.708
251.9000	-0.44057	240.751
251.8000	-0.424055	240.803
251.7000	-0.414004	240.848
251.6000	-0.476767	240.892
251.5000	-0.50354	240.94
251.4000	-0.642504	240.999
251.3000	-0.742411	241.063
251.2000	-0.843957	241.13
251.1000	-0.820149	241.208
251.0000	-0.814079	241.278
250.9000	-0.864398	241.355
250.8000	-0.864068	241.435
250.7000	-0.873184	241.52
250.6000	-0.78915	241.599
250.5000	-0.663712	241.667
250.4000	-0.515052	241.739
250.3000	-0.53266	241.798
250.2000	-0.473525	241.865
250.1000	-0.403759	241.929
250.0000	-0.322722	241.99
249.9000	-0.315984	242.046
249.8000	-0.327663	242.092
249.7000	-0.392884	242.149
249.6000	-0.446917	242.212
249.5000	-0.420123	242.279
249.4000	-0.456408	242.342
249.3000	-0.538058	242.4
249.2000	-0.551878	242.458
249.1000	-0.561352	242.518
249.0000	-0.518493	242.584
248.9000	-0.506076	242.649
248.8000	-0.44871	242.721
248.7000	-0.429531	242.788
248.6000	-0.393909	242.852
248.5000	-0.338937	242.924
248.4000	-0.360445	243
248.3000	-0.38303	243.068
248.2000	-0.383121	243.135
248.1000	-0.428979	243.204
248.0000	-0.488877	243.268
247.9000	-0.554997	243.328
247.8000	-0.633857	243.379
247.7000	-0.612183	243.431
247.6000	-0.537295	243.492
247.5000	-0.488352	243.557
247.4000	-0.431002	243.63
247.3000	-0.383192	243.698
247.2000	-0.298561	243.768
247.1000	-0.265183	243.825
247.0000	-0.202562	243.888
246.9000	-0.236928	243.962
246.8000	-0.238505	244.024
246.7000	-0.280745	244.077
246.6000	-0.278238	244.13
246.5000	-0.221279	244.183
246.4000	-0.238473	244.225
246.3000	-0.299025	244.263
246.2000	-0.352924	244.306
246.1000	-0.372673	244.353
246.0000	-0.432258	244.403
245.9000	-0.422701	244.469
245.8000	-0.354862	244.535
245.7000	-0.465936	244.595
245.6000	-0.497492	244.659
245.5000	-0.400553	244.735
245.4000	-0.330919	244.813
245.3000	-0.344552	244.888
245.2000	-0.342739	244.969
245.1000	-0.353791	245.043
245.0000	-0.361972	245.115
244.9000	-0.286904	245.187
244.8000	-0.206361	245.26
244.7000	-0.192876	245.344
244.6000	-0.175922	245.438
244.5000	-0.0844595	245.535
244.4000	-0.0831279	245.618
244.3000	-0.0495769	245.697
244.2000	-0.0148357	245.772
244.1000	-0.00540678	245.851
244.0000	-0.0813742	245.923
243.9000	-0.102516	245.993
243.8000	-0.114249	246.054
243.7000	-0.191722	246.11
243.6000	-0.217884	246.166
243.5000	-0.208806	246.229
243.4000	-0.196726	246.304
243.3000	-0.245732	246.372
243.2000	-0.225474	246.452
243.1000	-0.284974	246.525
243.0000	-0.348422	246.596
242.9000	-0.349826	246.671
242.8000	-0.418811	246.74
242.7000	-0.463621	246.812
242.6000	-0.567489	246.881
242.5000	-0.61606	246.953
242.4000	-0.618455	247.029
242.3000	-0.626033	247.108
242.2000	-0.626571	247.192
242.1000	-0.635954	247.278
242.0000	-0.603359	247.366
241.9000	-0.562861	247.456
241.8000	-0.557453	247.541
241.7000	-0.510285	247.622
241.6000	-0.500316	247.695
241.5000	-0.541913	247.768
241.4000	-0.611396	247.842
241.3000	-0.589137	247.924
241.2000	-0.535223	248.008
241.1000	-0.415966	248.101
241.0000	-0.326112	248.197
240.9000	-0.319319	248.29
240.8000	-0.322772	248.384
240.7000	-0.263309	248.481
240.6000	-0.11443	248.583
240.5000	-0.0315034	248.678
240.4000	-0.0781393	248.77
240.3000	-0.213906	248.862
240.2000	-0.273335	248.953
240.1000	-0.197282	249.045
240.0000	-0.174014	249.136
239.9000	-0.148294	249.232
239.8000	-0.229863	249.326
239.7000	-0.270781	249.423
239.6000	-0.312851	249.518
239.5000	-0.345742	249.607
239.4000	-0.320887	249.699
239.3000	-0.432551	249.789
239.2000	-0.444573	249.892
239.1000	-0.478121	249.998
239.0000	-0.466018	250.103
238.9000	-0.466842	250.203
238.8000	-0.490332	250.306
238.7000	-0.462473	250.418
238.6000	-0.425621	250.521
238.5000	-0.386139	250.621
238.4000	-0.366605	250.724
238.3000	-0.382938	250.826
238.2000	-0.392378	250.929
238.1000	-0.48115	251.034
238.0000	-0.429726	251.143
237.9000	-0.381462	251.252
237.8000	-0.425723	251.359
237.7000	-0.442018	251.47
237.6000	-0.442471	251.581
237.5000	-0.433976	251.688
237.4000	-0.46886	251.791
237.3000	-0.407928	251.9
237.2000	-0.382912	252.004
237.1000	-0.307278	252.104
237.0000	-0.241535	252.206
236.9000	-0.182108	252.316
236.8000	-0.152243	252.429
236.7000	-0.188346	252.539
236.6000	-0.154078	252.648
236.5000	-0.212253	252.754
236.4000	-0.245125	252.865
236.3000	-0.31577	252.979
236.2000	-0.343151	253.097
236.1000	-0.307469	253.208
236.0000	-0.301318	253.318
235.9000	-0.20677	253.437
235.8000	-0.140441	253.564
235.7000	-0.153598	253.687
235.6000	-0.150905	253.809
235.5000	-0.150259	253.93
235.4000	-0.13169	254.053
235.3000	-0.247554	254.171
235.2000	-0.344532	254.292
235.1000	-0.463327	254.409
235.0000	-0.524442	254.528
234.9000	-0.475316	254.647
234.8000	-0.432466	254.768
234.7000	-0.404205	254.892
234.6000	-0.449956	255.007
234.5000	-0.398109	255.13
234.4000	-0.246462	255.257
234.3000	-0.198546	255.38
234.2000	-0.187991	255.501
234.1000	-0.182684	255.626
234.0000	-0.140593	255.749
233.9000	-0.14067	255.866
233.8000	-0.102326	255.988
233.7000	-0.115437	256.108
233.6000	-0.137346	256.232
233.5000	-0.202934	256.354
233.4000	-0.307045	256.475
233.3000	-0.320522	256.602
233.2000	-0.387156	256.731
233.1000	-0.444796	256.863
233.0000	-0.441251	257
232.9000	-0.423279	257.136
232.8000	-0.41468	257.269
232.7000	-0.370854	257.404
232.6000	-0.260965	257.539
232.5000	-0.256246	257.666
232.4000	-0.290825	257.786
232.3000	-0.182862	257.916
232.2000	-0.173987	258.04
232.1000	-0.240129	258.163
232.0000	-0.291742	258.287
231.9000	-0.343589	258.411
231.8000	-0.423523	258.537
231.7000	-0.521894	258.665
231.6000	-0.560135	258.802
231.5000	-0.685726	258.924
231.4000	-0.648785	259.055
231.3000	-0.609076	259.19
231.2000	-0.533777	259.334
231.1000	-0.482177	259.475
231.0000	-0.414622	259.61
230.9000	-0.289891	259.746
230.8000	-0.109021	259.88
230.7000	-0.0172913	260.019
230.6000	-0.092329	260.149
230.5000	-0.17215	260.282
230.4000	-0.241228	260.412
230.3000	-0.215803	260.551
230.2000	-0.165166	260.691
230.1000	-0.179242	260.839
230.0000	-0.157804	260.983
229.9000	-0.200208	261.121
229.8000	-0.15831	261.267
229.7000	-0.0623882	261.403
229.6000	0.0461303	261.536
229.5000	0.0633056	261.66
229.4000	-0.0202109	261.777
229.3000	0.0823313	261.895
229.2000	0.103893	262.007
229.1000	0.14409	262.114
229.0000	0.202989	262.221
228.9000	0.1894	262.33
228.8000	0.0819925	262.445
228.7000	0.0679585	262.574
228.6000	0.113715	262.713
228.5000	0.0109944	262.847
228.4000	-0.0723929	262.996
228.3000	-0.120175	263.155
228.2000	-0.14634	263.317
228.1000	-0.193976	263.486
228.0000	-0.145047	263.657
227.9000	-0.148309	263.815
227.8000	-0.213778	263.968
227.7000	-0.171813	264.133
227.6000	-0.196084	264.286
227.5000	-0.306441	264.43
227.4000	-0.404553	264.575
227.3000	-0.336686	264.728
227.2000	-0.286112	264.877
227.1000	-0.250476	265.026
227.0000	-0.297851	265.169
226.9000	-0.429572	265.302
226.8000	-0.515976	265.444
226.7000	-0.514955	265.587
226.6000	-0.38513	265.738
226.5000	-0.384266	265.883
226.4000	-0.433823	266.019
226.3000	-0.467693	266.156
226.2000	-0.534555	266.298
226.1000	-0.4866	266.448
226.0000	-0.53581	266.592
225.9000	-0.613383	266.736
225.8000	-0.698719	266.878
225.7000	-0.747762	267.019
225.6000	-0.770587	267.164
225.5000	-0.804488	267.312
225.4000	-0.800695	267.459
225.3000	-0.76699	267.607
225.2000	-0.712186	267.753
225.1000	-0.68844	267.893
225.0000	-0.733565	268.033
224.9000	-0.769697	268.177
224.8000	-0.809987	268.319
224.7000	-0.856892	268.46
224.6000	-0.88438	268.6
224.5000	-0.854474	268.747
224.4000	-0.78382	268.9
224.3000	-0.613843	269.059
224.2000	-0.482459	269.217
224.1000	-0.351196	269.373
224.0000	-0.399543	269.523
223.9000	-0.400288	269.674
223.8000	-0.427274	269.821
223.7000	-0.495371	269.967
223.6000	-0.584396	270.109
223.5000	-0.740381	270.247
223.4000	-0.795706	270.389
223.3000	-0.914789	270.523
223.2000	-0.946457	270.659
223.1000	-1.02398	270.794
223.0000	-1.06285	270.935
222.9000	-0.984422	271.076
222.8000	-0.942264	271.215
222.7000	-0.938751	271.351
222.6000	-0.857887	271.49
222.5000	-0.715613	271.639
222.4000	-0.685159	271.779
222.3000	-0.550071	271.925
222.2000	-0.475159	272.067
222.1000	-0.453675	272.207
222.0000	-0.528653	272.348
221.9000	-0.461484	272.49
221.8000	-0.460645	272.632
221.7000	-0.466992	272.772
221.6000	-0.469897	272.913
221.5000	-0.417477	273.058
221.4000	-0.291519	273.205
221.3000	-0.257672	273.351
221.2000	-0.174811	273.498
221.1000	-0.121699	273.646
221.0000	-0.0806448	273.793
220.9000	-0.0396231	273.941
220.8000	0.00672091	274.09
220.7000	0.119267	274.236
220.6000	0.178755	274.385
220.5000	0.188867	274.537
220.4000	0.157338	274.681
220.3000	0.0875823	274.826
220.2000	0.00828951	274.972
220.1000	-0.0779532	275.112
220.0000	-0.184757	275.251
219.9000	-0.411056	275.394
219.8000	-0.632475	275.531
219.7000	-0.757834	275.668
219.6000	-0.769515	275.81
219.5000	-0.741647	275.954
219.4000	-0.688583	276.1
219.3000	-0.646611	276.245
219.2000	-0.634969	276.387
219.1000	-0.555305	276.528
219.0000	-0.463884	276.679
218.9000	-0.414048	276.823
218.8000	-0.478941	276.964
218.7000	-0.543837	277.101
218.6000	-0.61163	277.238
218.5000	-0.641029	277.378
218.4000	-0.737196	277.521
218.3000	-0.719525	277.665
218.2000	-0.677781	277.807
218.1000	-0.764509	277.947
218.0000	-0.778761	278.09
217.9000	-0.668286	278.242
217.8000	-0.657491	278.385
217.7000	-0.64832	278.528
217.6000	-0.739698	278.666
217.5000	-0.777435	278.81
217.4000	-0.841822	278.954
217.3000	-0.751408	279.099
217.2000	-0.665606	279.249
217.1000	-0.70656	279.39
217.0000	-0.647047	279.535
216.9000	-0.648625	279.682
216.8000	-0.582444	279.827
216.7000	-0.451807	279.973
216.6000	-0.400103	280.116
216.5000	-0.455412	280.259
216.4000	-0.620241	280.389
216.3000	-0.69043	280.523
216.2000	-0.757122	280.666
216.1000	-0.745324	280.81
216.0000	-0.781161	280.951
215.9000	-0.879321	281.089
215.8000	-0.969114	281.226
215.7000	-1.04287	281.367
215.6000	-0.992606	281.514
215.5000	-0.83254	281.666
215.4000	-0.78478	281.811
215.3000	-0.927214	281.948
215.2000	-0.943696	282.091
215.1000	-0.926451	282.242
215.0000	-0.86086	282.397
214.9000	-0.877629	282.549
214.8000	-0.93353	282.695
214.7000	-1.03422	282.844
214.6000	-1.14557	282.995
214.5000	-1.09914	283.149
214.4000	-1.11241	283.305
214.3000	-1.11991	283.457
214.2000	-1.1038	283.608
214.1000	-1.04737	283.76
214.0000	-1.01847	283.915
213.9000	-0.997314	284.071
213.8000	-1.01092	284.225
213.7000	-0.985231	284.382
213.6000	-0.814232	284.545
213.5000	-0.690723	284.705
213.4000	-0.643665	284.865
213.3000	-0.659243	285.025
213.2000	-0.720344	285.184
213.1000	-0.892845	285.339
213.0000	-0.853369	285.501
212.9000	-0.826809	285.664
212.8000	-0.920475	285.82
212.7000	-0.982917	285.975
212.6000	-0.943978	286.136
212.5000	-0.956911	286.297
212.4000	-0.920034	286.46
212.3000	-0.680957	286.626
212.2000	-0.608697	286.788
212.1000	-0.625374	286.949
212.0000	-0.52621	287.121
211.9000	-0.507284	287.294
211.8000	-0.610988	287.457
211.7000	-0.58006	287.628
211.6000	-0.534686	287.8
211.5000	-0.559453	287.972
211.4000	-0.637913	288.143
211.3000	-0.628978	288.317
211.2000	-0.597555	288.489
211.1000	-0.621505	288.66
211.0000	-0.543642	288.84
210.9000	-0.543344	289.015
210.8000	-0.506313	289.191
210.7000	-0.500818	289.373
210.6000	-0.423165	289.557
210.5000	-0.430451	289.74
210.4000	-0.657008	289.913
210.3000	-0.782452	290.093
210.2000	-0.772914	290.275
210.1000	-0.715567	290.461
210.0000	-0.693167	290.644
209.9000	-0.625472	290.827
209.8000	-0.720071	291.001
209.7000	-0.789899	291.18
209.6000	-0.701884	291.363
209.5000	-0.619988	291.547
209.4000	-0.69293	291.725
209.3000	-0.698856	291.905
209.2000	-0.691574	292.089
209.1000	-0.78003	292.272
209.0000	-0.736772	292.458
208.9000	-0.712775	292.643
208.8000	-0.64095	292.828
208.7000	-0.555349	293.014
208.6000	-0.543391	293.203
208.5000	-0.690571	293.386
208.4000	-0.795171	293.568
208.3000	-0.706552	293.757
208.2000	-0.640994	293.948
208.1000	-0.487944	294.144
208.0000	-0.532211	294.334
207.9000	-0.6941	294.519
207.8000	-0.732791	294.708
207.7000	-0.537533	294.902
207.6000	-0.46384	295.094
207.5000	-0.534154	295.282
207.4000	-0.558544	295.469
207.3000	-0.659311	295.652
207.2000	-0.620136	295.839
207.1000	-0.441427	296.029
207.0000	-0.30296	296.22
206.9000	-0.245681	296.405
206.8000	-0.284868	296.587
206.7000	-0.421014	296.765
206.6000	-0.486543	296.948
206.5000	-0.47612	297.134
206.4000	-0.52034	297.318
206.3000	-0.616752	297.502
206.2000	-0.728276	297.679
206.1000	-0.871688	297.855
206.0000	-0.938496	298.033
205.9000	-0.713279	298.22
205.8000	-0.706591	298.397
205.7000	-0.787294	298.57
205.6000	-0.841367	298.746
205.5000	-0.919658	298.92
205.4000	-0.862962	299.1
205.3000	-0.695845	299.288
205.2000	-0.597086	299.476
205.1000	-0.676702	299.658
205.0000	-0.711054	299.837
204.9000	-0.609923	300.024
204.8000	-0.444684	300.214
204.7000	-0.302293	300.404
204.6000	-0.304694	300.591
204.5000	-0.366811	300.778
204.4000	-0.443325	300.959
204.3000	-0.459144	301.144
204.2000	-0.499407	301.33
204.1000	-0.543635	301.52
204.0000	-0.471197	301.712
203.9000	-0.48982	301.897
203.8000	-0.395886	302.086
203.7000	-0.384654	302.271
203.6000	-0.307334	302.462
203.5000	-0.198706	302.653
203.4000	-0.102489	302.845
203.3000	-0.0347199	303.035
203.2000	-0.0909425	303.223
203.1000	-0.178376	303.409
203.0000	-0.278372	303.596
202.9000	-0.275813	303.785
202.8000	-0.222389	303.973
202.7000	-0.278037	304.161
202.6000	-0.391027	304.345
202.5000	-0.388222	304.531
202.4000	-0.35167	304.717
202.3000	-0.290784	304.905
202.2000	-0.286905	305.094
202.1000	-0.275279	305.283
202.0000	-0.344012	305.47
201.9000	-0.475874	305.657
201.8000	-0.517522	305.852
201.7000	-0.643472	306.044
201.6000	-0.74135	306.237
201.5000	-0.811091	306.435
201.4000	-0.823224	306.633
201.3000	-0.847278	306.832
201.2000	-0.920081	307.034
201.1000	-0.757104	307.24
201.0000	-0.628707	307.446
200.9000	-0.51227	307.654
200.8000	-0.433033	307.863
200.7000	-0.384115	308.074
200.6000	-0.289684	308.292
200.5000	-0.377244	308.509
200.4000	-0.38573	308.73
200.3000	-0.463078	308.948
200.2000	-0.44834	309.172
200.1000	-0.580841	309.387
200.0000	-0.560715	309.607
199.9000	-0.600569	309.825
199.8000	-0.666191	310.03
199.7000	-0.340536	310.239
199.6000	-0.196856	310.441
199.5000	-0.0386374	310.641
199.4000	-0.0993684	310.833
199.3000	-0.0153993	311.031
199.2000	-0.00327767	311.229
199.1000	-0.00396024	311.425
199.0000	-0.101359	311.625
198.9000	-0.382919	311.827
198.8000	-0.556507	312.038
198.7000	-0.62014	312.259
198.6000	-0.49828	312.489
198.5000	-0.398119	312.725
198.4000	-0.441424	312.958
198.3000	-0.45622	313.199
198.2000	-0.436579	313.451
198.1000	-0.259039	313.724
198.0000	-0.266018	314.001
197.9000	-0.298252	314.287
197.8000	-0.360758	314.574
197.7000	-0.385345	314.866
197.6000	-0.269302	315.159
197.5000	-0.300988	315.439
197.4000	-0.153531	315.709
197.3000	0.0553263	315.951
197.2000	0.117168	316.158
197.1000	0.270559	316.344
197.0000	0.39489	316.511
196.9000	0.430568	316.668
196.8000	0.205558	316.81
196.7000	0.260821	316.97
196.6000	0.222118	317.139
196.5000	-0.0969554	317.319
196.4000	-0.0386292	317.541
196.3000	-0.0376059	317.786
196.2000	-0.0536978	318.064
196.1000	-0.143591	318.366
196.0000	-0.0966625	318.709
195.9000	0.0864735	319.102
195.8000	0.189191	319.552
195.7000	0.348646	320.07
195.6000	0.464827	320.648
195.5000	0.434015	321.278
195.4000	0.214101	321.934
195.3000	0.0613647	322.597
195.2000	-0.19983	323.244
195.1000	-0.273196	323.854
195.0000	-0.444599	324.363
194.9000	-0.643814	324.747
194.8000	-0.988906	324.994
194.7000	-1.11119	325.131
194.6000	-1.07844	325.187
194.5000	-0.999116	325.185
194.4000	-0.95984	325.151
194.3000	-1.02703	325.113
194.2000	-1.15755	325.117
194.1000	-1.06055	325.21
194.0000	-0.678767	325.425
193.9000	-0.39554	325.763
193.8000	-0.352109	326.225
193.7000	-0.508835	326.843
193.6000	-0.34867	327.646
193.5000	-0.241935	328.654
193.4000	-0.123953	329.88
193.3000	-0.171165	331.293
193.2000	-0.482862	332.84
193.1000	-0.708035	334.469
193.0000	-0.77311	336.107
192.9000	-0.593609	337.661
192.8000	-0.394384	339.027
192.7000	-0.174705	340.074
192.6000	-0.0665274	340.719
192.5000	0.0640451	340.967
192.4000	0.359631	340.881
192.3000	0.395095	340.515
192.2000	0.357986	339.963
192.1000	0.403207	339.321
192.0000	0.288348	338.693
191.9000	0.207138	338.216
191.8000	0.213341	338.005
191.7000	0.0998239	338.11
191.6000	-0.290872	338.542
191.5000	-0.586117	339.314
191.4000	-0.608752	340.438
191.3000	-0.548423	341.932
191.2000	-0.491699	343.786
191.1000	-0.828427	345.932
191.0000	-1.20585	348.3
190.9000	-1.20965	350.781
190.8000	-1.09723	353.246
190.7000	-0.794993	355.571
190.6000	-0.895593	357.59
190.5000	-1.01399	359.165
190.4000	-1.26338	360.164
190.3000	-1.21405	360.593
190.2000	-0.920109	360.528
190.1000	-0.935453	360.074
190.0000	-1.05792	359.39

##### Extended Information
[Comments]
Sample name	Doxer_0.6uM
Comment
User
Division
Company	CSIR-IMTECH

[Detailed Information]
Creation date	4/8/2024 3:55 PM

Data array type	Linear data array * 2
Horizontal axis	Wavelength [nm]
Vertical axis(1)	CD [mdeg]
Vertical axis(2)	HT [V]
Start	350 nm
End	190 nm
Data interval	0.1 nm
Data points	1601    

[Measurement Information]
Instrument Name	JASCO CD
Model Name	J-815
Serial No.	B063061168

Accessory	PTC-423S
Accessory S/N	C013945-01
  Temperature	36.57 C
  Control Sonsor	Cell
  Monitor Sensor	Cell
  Start Mode	Start immediately
  Cell Length	10 mm

Measurement date	4/8/2024 3:54 PM

Photometric Mode	CD, HT
Measure Range	350 - 190 nm
Data pitch	0.1 nm
Sensitivity	Standard
D.I.T.	1 sec
Bandwidth	1.00 nm
Start Mode	Immediately
Scanning Speed	50 nm/min
Baseline Correction	None
Shutter Control	Auto
CD Detector	PMT
PMT Voltage	Auto
Accumulations	3
Concentration	0.6 umol/L

